0 0.6354 0.44791604197901047 0.00847 0.013448275862068966
0 0.62419 0.465472263868066 0.00897 0.014197901049475263
0 0.61733 0.4393253373313343 0.00872 0.01494752623688156
0 0.59765 0.436896551724138 0.00822 0.013073463268365818
0 0.6088600000000001 0.4309295352323838 0.00922 0.013823088455772115
0 0.59341 0.46098950524737636 0.00822 0.01643178410794603
0 0.58656 0.45053973013493254 0.00797 0.013448275862068966
0 0.58594 0.4301799100449775 0.007719999999999999 0.013073463268365818
0 0.60074 0.4081109445277361 0.008150000000000001 0.010404797601199401
0 0.57024 0.4289355322338831 0.008150000000000001 0.013133433283358321
0 0.55741 0.42554722638680653 0.00785 0.015397301349325336
0 0.55484 0.45089955022488754 0.00694 0.009955022488755622
0 0.5728099999999999 0.4737481259370315 0.01087 0.016746626686656673
0 0.55559 0.4816791604197901 0.00845 0.016296851574212894
0 0.54261 0.45179910044977517 0.00725 0.015397301349325336
0 0.53974 0.42961019490254876 0.00694 0.012668665667166415
0 0.53159 0.46152923538230883 0.008150000000000001 0.012218890554722639
0 0.5251 0.4330134932533733 0.00785 0.013133433283358321
0 0.52691 0.4171664167916042 0.00725 0.012218890554722639
0 0.5127200000000001 0.447496251874063 0.00785 0.014032983508245877
0 0.51679 0.4320989505247376 0.00694 0.014032983508245877
0 0.50622 0.4377661169415292 0.007549999999999999 0.01176911544227886
0 0.49853 0.4307496251874063 0.00604 0.013133433283358321
0 0.48479 0.42781109445277365 0.00876 0.012668665667166415
0 0.49354000000000003 0.4538380809595202 0.00936 0.014932533733133434
0 0.47875 0.4470464767616192 0.00876 0.010404797601199401
0 0.46999 0.42961019490254876 0.00936 0.0135832083958021
0 0.47226 0.4112743628185907 0.00906 0.012218890554722639
0 0.46742 0.4022338830584708 0.00604 0.013133433283358321
0 0.45821 0.408335832083958 0.00694 0.012668665667166415
0 0.45821 0.435952023988006 0.00876 0.015397301349325336
0 0.45761 0.4760119940029985 0.01117 0.017661169415292353
0 0.43693 0.48145427286356823 0.0157 0.016746626686656673
0 0.44523 0.45949025487256373 0.00936 0.016296851574212894
0 0.43904000000000004 0.43368815592203896 0.00785 0.012668665667166415
0 0.43527 0.41196401799100446 0.007549999999999999 0.0135832083958021
0 0.43059 0.4225937031484258 0.00725 0.012218890554722639
0 0.42847 0.4026836581709145 0.00604 0.012218890554722639
0 0.40386 0.4787406296851574 0.008150000000000001 0.014032983508245877
0 0.41881 0.46401799100449775 0.00906 0.016296851574212894
0 0.43074 0.45542728635682156 0.01057 0.0135832083958021
0 0.42183 0.44274362818590707 0.00664 0.010869565217391304
0 0.42107 0.4298350824587706 0.007549999999999999 0.013133433283358321
0 0.38333 0.4805397301349325 0.011779999999999999 0.013133433283358321
0 0.40038999999999997 0.4683208395802099 0.00785 0.015847076461769114
0 0.39556 0.4465967016491754 0.00785 0.015847076461769114
0 0.40326 0.43911544227886057 0.00694 0.009955022488755622
0 0.38499 0.44002998500749624 0.00725 0.012668665667166415
0 0.37382 0.46220389805097456 0.01087 0.01176911544227886
0 0.35434 0.4592653673163418 0.00996 0.014932533733133434
0 0.3323 0.4656071964017991 0.01057 0.018560719640179912
0 0.27799 0.4592653673163418 0.0135 0.015847076461769114
0 0.34568 0.4502098950524738 0.00996 0.015847076461769114
0 0.34854 0.4343628185907047 0.00845 0.014932533733133434
0 0.36998000000000003 0.4407046476761619 0.00785 0.014032983508245877
0 0.3718 0.43007496251874067 0.00664 0.008155922038980511
0 0.38131 0.40788605697151425 0.00574 0.01176911544227886
0 0.37542000000000003 0.4044977511244378 0.00604 0.011319340329835082
0 0.36666000000000004 0.4099250374812594 0.00604 0.011319340329835082
0 0.36385 0.4281559220389805 0.00725 0.013598200899550225
0 0.39082 0.42688155922038984 0.01034 0.009940029985007495
0 0.40245 0.4199400299850075 0.00704 0.011454272863568215
0 0.39903 0.41481259370314844 0.00623 0.010854572713643179
0 0.40258999999999995 0.4043928035982009 0.008039999999999999 0.01295352323838081
0 0.41167000000000004 0.4021589205397301 0.006549999999999999 0.011169415292353824
0 0.42046 0.40908545727136436 0.00864 0.009820089955022489
0 0.74661 0.83952023988006 0.06082 0.10572713643178411
0 0.8439800000000001 0.8361169415292354 0.0757 0.10475262368815592
0 0.9526699999999999 0.7080809595202399 0.04982 0.09311844077961019
0 0.78737 0.7119640179910045 0.04529 0.07565217391304348
0 0.65442 0.7245727136431784 0.03817 0.08148425787106447
0 0.28046 0.9074212893553223 0.07181 0.12124437781109446
0 0.15430000000000002 0.8996551724137932 0.07311 0.09214392803598201
0 0.12422 0.7638530734632684 0.05693 0.0843928035982009
0 0.23032 0.7352473763118441 0.04529 0.06983508245877061
0 0.36878 0.7177811094452774 0.046579999999999996 0.07178410794602699
0 0.32058 0.6600749625187406 0.03688 0.0572263868065967
0 0.22935 0.6484257871064468 0.033 0.0572263868065967
0 0.13781000000000002 0.6586206896551724 0.03494 0.05238380809595202
0 0.04826 0.6615292353823089 0.03934 0.050434782608695654
0 0.09394 0.5950824587706147 0.03105 0.03977511244377811
0 0.13016999999999998 0.6120539730134933 0.03364 0.03686656671664168
0 0.15961 0.570839580209895 0.02911 0.035892053973013496
0 0.18161000000000002 0.610119940029985 0.03041 0.03880059970014992
0 0.67934 0.665487256371814 0.03227 0.060659670164917544
0 0.75161 0.6484407796101949 0.03046 0.0552023988005997
0 0.80298 0.640599700149925 0.03046 0.05724137931034483
0 0.8457 0.6467466266866566 0.03136 0.046341829085457274
0 0.86252 0.6181109445277361 0.025 0.03544227886056971
0 0.8747999999999999 0.5980059970014993 0.01773 0.029310344827586206
0 0.9095700000000001 0.5690554722638681 0.024550000000000002 0.02589205397301349
0 0.94139 0.5799550224887556 0.02182 0.02044977511244378
0 0.93889 0.6225487256371814 0.028640000000000002 0.040209895052473764
0 0.91275 0.6079010494752624 0.02182 0.028620689655172414
0 0.79031 0.5905697151424288 0.018920000000000003 0.03733133433283358
0 0.79006 0.5607046476761619 0.02042 0.017916041979010495
0 0.77039 0.5371814092953523 0.01295 0.02164917541229385
0 0.76416 0.5203898050974514 0.01345 0.017916041979010495
0 0.74922 0.610359820089955 0.019420000000000003 0.020164917541229385
0 0.71636 0.6040029985007497 0.01843 0.03583208395802099
0 0.67951 0.5987856071964017 0.02042 0.029865067466266867
0 0.6414099999999999 0.6088605697151425 0.02191 0.03359820089955023
0 0.61875 0.6208095952023988 0.019420000000000003 0.027631184407796102
0 0.57343 0.5618290854572714 0.019420000000000003 0.036581709145427285
0 0.6073 0.5677961019490255 0.015439999999999999 0.020164917541229385
0 0.62 0.5558470764617691 0.011949999999999999 0.024632683658170913
0 0.66083 0.5898200899550226 0.01693 0.029865067466266867
0 0.65535 0.5633133433283358 0.01494 0.01866566716641679
0 0.68449 0.5521139430284857 0.015439999999999999 0.02164917541229385
0 0.72881 0.5569715142428786 0.01444 0.02239880059970015
0 0.75271 0.5543628185907047 0.019420000000000003 0.024632683658170913
0 0.75221 0.5308395802098951 0.01643 0.019415292353823086
0 0.73403 0.5185157421289356 0.00697 0.01866566716641679
0 0.7263200000000001 0.5267316341829085 0.01145 0.020164917541229385
0 0.71611 0.5341979010494753 0.010960000000000001 0.024632683658170913
0 0.70465 0.5207646176911545 0.008960000000000001 0.014182908545727138
0 0.68822 0.5271064467766117 0.01295 0.020899550224887556
0 0.6879700000000001 0.5076911544227886 0.015439999999999999 0.014932533733133434
0 0.67602 0.5207646176911545 0.01245 0.01866566716641679
0 0.64888 0.5420389805097452 0.01693 0.023898050974512742
0 0.6665599999999999 0.5300899550224888 0.01145 0.017916041979010495
0 0.65685 0.5151574212893554 0.00996 0.01643178410794603
0 0.64763 0.5106746626686657 0.00847 0.014932533733133434
0 0.6404099999999999 0.5241229385307346 0.00996 0.01643178410794603
0 0.62448 0.5017241379310344 0.008960000000000001 0.017916041979010495
0 0.6075499999999999 0.5394302848575713 0.010960000000000001 0.014182908545727138
0 0.58937 0.5312143928035982 0.015439999999999999 0.02164917541229385
0 0.5988300000000001 0.5218740629685157 0.009460000000000001 0.02239880059970015
0 0.6033099999999999 0.5065817091454272 0.01245 0.011199400299850075
0 0.5507799999999999 0.5375562218890555 0.01693 0.023898050974512742
0 0.53086 0.5069415292353823 0.011949999999999999 0.01643178410794603
0 0.54604 0.5132983508245877 0.00747 0.017166416791604196
0 0.556 0.517031484257871 0.01345 0.020164917541229385
0 0.5702 0.5214992503748126 0.00996 0.01866566716641679
0 0.5751799999999999 0.5103148425787106 0.00996 0.017166416791604196
0 0.21089 0.49104947526236875 0.016800000000000002 0.021454272863568217
0 0.22379 0.4826536731634183 0.01275 0.018650674662668665
0 0.21198 0.5833733133433283 0.01835 0.03077961019490255
0 0.20218 0.562623688155922 0.019280000000000002 0.025652173913043478
0 0.41431 0.5952773613193404 0.02177 0.034977511244377806
0 0.36516000000000004 0.6073913043478261 0.02551 0.03590704647676162
0 0.31726 0.6010944527736132 0.02302 0.03544227886056971
0 0.26967 0.6104197901049475 0.02364 0.038245877061469265
0 0.27356 0.5782458770614692 0.019600000000000003 0.025187406296851574
0 0.44977 0.5131934032983508 0.0112 0.021919040479760118
0 0.4423 0.5470014992503749 0.01244 0.024242878560719643
0 0.42597 0.5176311844077961 0.01026 0.015862068965517243
0 0.41725999999999996 0.5598350824587707 0.01711 0.0284407796101949
0 0.39705 0.5733583208395803 0.01462 0.027511244377811096
0 0.4056 0.5477061469265367 0.01058 0.021919040479760118
0 0.39518000000000003 0.5243928035982008 0.01151 0.01818590704647676
0 0.41649 0.5290554722638681 0.00933 0.01818590704647676
0 0.41524 0.5159970014992504 0.009949999999999999 0.009790104947526237
0 0.39984 0.5134332833583208 0.00902 0.013058470764617693
0 0.38009 0.568455772113943 0.01431 0.03170914542728635
0 0.36579 0.5777811094452774 0.01866 0.022383808095952022
0 0.34572 0.5784857571214393 0.01462 0.030314842578710643
0 0.35708 0.5467766116941529 0.01244 0.025652173913043478
0 0.36905 0.535352323838081 0.01213 0.017721139430284857
0 0.31431 0.5726536731634183 0.019600000000000003 0.022383808095952022
0 0.27682999999999996 0.5628635682158921 0.02053 0.0139880059970015
0 0.27636 0.5425787106446777 0.01524 0.021919040479760118
0 0.25054 0.5213643178410795 0.016489999999999998 0.022383808095952022
0 0.23717 0.55143928035982 0.01835 0.023778110944527735
0 0.25537 0.5770764617691155 0.015550000000000001 0.017256371814092952
0 0.22457 0.5421139430284857 0.01182 0.023778110944527735
0 0.30404000000000003 0.518095952023988 0.018969999999999997 0.023313343328335834
0 0.32302 0.5479310344827587 0.01711 0.025187406296851574
0 0.3281 0.5198500749625188 0.00994 0.013658170914542727
0 0.35254 0.5210944527736132 0.01243 0.013658170914542727
0 0.46179000000000003 0.5187856071964018 0.0123 0.021064467766116944