0 0.2919 0.38898724681170294 0.00912 0.017531882970742686
0 0.31399 0.3941185296324081 0.005415 0.014966241560390097
0 0.32126 0.39326331582895724 0.007980000000000001 0.014966241560390097
0 0.33466 0.39732933233308326 0.01026 0.011972993248312079
0 0.31826499999999996 0.37038259564891224 0.007125 0.013683420855213803
0 0.327675 0.36952738184546136 0.006555 0.016249062265566393
0 0.336655 0.37294823705926483 0.00741 0.012828207051762942
0 0.349765 0.3819279819954989 0.00912 0.014538634658664666
0 0.38098000000000004 0.3733758439609902 0.009975 0.017104276069017255
0 0.39552 0.3547711927981996 0.008265 0.01240060015003751
0 0.37955500000000003 0.35776444111027755 0.007125 0.013255813953488373
0 0.37328500000000003 0.35177794448612154 0.007125 0.010690172543135784
0 0.36117 0.35177794448612154 0.00741 0.013255813953488373
0 0.348485 0.34984996249062267 0.008265 0.014538634658664666
0 0.337365 0.3479294823705927 0.0076950000000000005 0.01240060015003751
0 0.366725 0.33060765191297825 0.005415 0.014538634658664666
0 0.37357 0.3318904726181546 0.005985000000000001 0.015393848462115528
0 0.38696499999999995 0.3284696174043511 0.0076950000000000005 0.012828207051762942
0 0.39394999999999997 0.33103525881470364 0.0057 0.011117779444861215
0 0.39152499999999996 0.31114778694673667 0.007125 0.01582145536384096
0 0.399795 0.3160690172543136 0.005985000000000001 0.014538634658664666
0 0.41333499999999995 0.3321005251312828 0.00741 0.014966241560390097
0 0.4149 0.31093023255813956 0.0076950000000000005 0.012828207051762942
0 0.42502 0.3141410352588147 0.007980000000000001 0.01240060015003751
0 0.44013 0.30879219804951236 0.00684 0.012828207051762942
0 0.44526 0.31456864216054015 0.0062699999999999995 0.011545386346586648
0 0.45581 0.3160690172543136 0.007980000000000001 0.013683420855213803
0 0.46493 0.3152138034508627 0.00912 0.014538634658664666
0 0.43215 0.2863390847711928 0.0057 0.013255813953488373
0 0.444115 0.28411852963240813 0.00541 0.012318079519879972
0 0.449125 0.2878694673668417 0.00621 0.012618154538634659
0 0.457635 0.2902775693923481 0.00641 0.011417854463615904
0 0.45513 0.27209302325581397 0.005809999999999999 0.015326331582895723
0 0.464645 0.2549662415603901 0.00641 0.012918229557389346
0 0.46985000000000005 0.2713428357089272 0.00641 0.013218304576144037
0 0.478565 0.2863690922730683 0.00661 0.011417854463615904
0 0.48888 0.2902775693923481 0.00841 0.01201800450112528
0 0.492485 0.27315078769692425 0.00601 0.01021755438859715
0 0.480265 0.27435108777194295 0.0076100000000000004 0.01021755438859715
0 0.47646 0.2543660915228807 0.005205 0.012318079519879972
0 0.48477499999999996 0.25541635408852215 0.00661 0.010817704426106526
0 0.48327 0.24399849962490622 0.00561 0.012618154538634659
0 0.48918 0.2418979744936234 0.005809999999999999 0.01382595648912228
0 0.501295 0.241297824456114 0.00841 0.011417854463615904
0 0.501195 0.2578244561140285 0.00741 0.012618154538634659
0 0.508605 0.27074268567141785 0.00701 0.011417854463615904
0 0.51291 0.25586646661665413 0.006809999999999999 0.011117779444861215
0 0.5134099999999999 0.2418979744936234 0.00701 0.011417854463615904
0 0.522925 0.23948987246811704 0.00601 0.012618154538634659
0 0.5307350000000001 0.239039759939985 0.004405 0.013525881470367592
0 0.52513 0.25812453113278316 0.00721 0.01021755438859715
0 0.524025 0.2722430607651913 0.005809999999999999 0.013218304576144037
0 0.5309349999999999 0.2722430607651913 0.00641 0.01382595648912228
0 0.513615 0.28922730682670666 0.00701 0.013525881470367592
0 0.5062 0.28906976744186047 0.00701 0.013218304576144037
0 0.549965 0.23573893473368343 0.0076100000000000004 0.012918229557389346
0 0.564685 0.23858964741185298 0.00701 0.012618154538634659
0 0.5738949999999999 0.2345311327831958 0.00741 0.012318079519879972
0 0.54776 0.25451612903225806 0.00721 0.013218304576144037
0 0.558575 0.2549662415603901 0.0076100000000000004 0.014726181545386345
0 0.571395 0.253165791447862 0.00801 0.012318079519879972
0 0.5829099999999999 0.2533158289572393 0.00821 0.015026256564141036
0 0.601555 0.23783945986496627 0.01065 0.013525881470367592
0 0.543615 0.2708927231807952 0.006809999999999999 0.012918229557389346
0 0.54732 0.2793098274568642 0.00821 0.011117779444861215
0 0.553025 0.2713428357089272 0.00641 0.012618154538634659
0 0.3323 0.49339834958739687 0.016309999999999998 0.021650412603150787
0 0.33021 0.4773968492123031 0.010455 0.008469617404351088
0 0.34108499999999997 0.474576144036009 0.010039999999999999 0.014118529632408103
0 0.333455 0.46672918229557386 0.00732 0.008469617404351088
0 0.33387 0.4543360840210052 0.010665 0.0131807951987997
0 0.345685 0.4450787696924231 0.010875 0.020397599399849965
0 0.354155 0.4416279069767442 0.008575 0.0172543135783946
0 0.35489 0.429549887471868 0.0092 0.009414853713428357
0 0.36063999999999996 0.42766691672918233 0.00941 0.019452363090772692
0 0.36754000000000003 0.4195048762190548 0.00899 0.013803450862715679
0 0.39576999999999996 0.39315078769692424 0.00941 0.017569392348087024
0 0.37820499999999996 0.4508852213053263 0.013595000000000001 0.02258814703675919
0 0.366285 0.4603000750187547 0.011085000000000001 0.01506376594148537
0 0.370575 0.4769317329332333 0.01464 0.019452363090772692
0 0.42484 0.44931732933233315 0.01401 0.021335333833458366
0 0.411875 0.43739684921230304 0.01234 0.016946736684171043
0 0.42965 0.42860465116279073 0.013175000000000001 0.01506376594148537
0 0.4193 0.42280570142535634 0.008365000000000001 0.015371342835708925
0 0.42839499999999997 0.409152288072018 0.01192 0.017569392348087024
0 0.430695 0.387344336084021 0.008575 0.016001500375093774
0 0.429965 0.37354088522130535 0.01255 0.014118529632408103
0 0.45757 0.42076519129782447 0.01255 0.02008252063015754
0 0.464575 0.40837209302325583 0.01192 0.0172543135783946
0 0.45297000000000004 0.4013128282070518 0.0092 0.01506376594148537
0 0.480885 0.3998949737434358 0.013175000000000001 0.021020255063765942
0 0.466145 0.3903300825206301 0.011710000000000002 0.01506376594148537
0 0.477435 0.3749512378094524 0.011710000000000002 0.014433608402100524
0 0.469385 0.3598949737434359 0.01401 0.0131807951987997
0 0.46698 0.348754688672168 0.00962 0.008469617404351088
0 0.46604 0.3418529632408102 0.00941 0.006586646661665416
0 0.4606 0.3743285821455364 0.006900000000000001 0.014433608402100524
0 0.46719 0.37730682670667665 0.010039999999999999 0.009099774943735935
0 0.522295 0.4050787696924231 0.013595000000000001 0.027614403600900228
0 0.54237 0.3760540135033758 0.013175000000000001 0.019767441860465116
0 0.5273150000000001 0.3678919729932483 0.010665 0.016631657914478622
0 0.5215599999999999 0.38656414103525877 0.011710000000000002 0.010037509377344336
0 0.518845 0.3787171792948237 0.008365000000000001 0.011920480120030007
0 0.509015 0.36538634658664665 0.00962 0.01913728432108027
0 0.521355 0.3570667666916729 0.008785 0.01819954988747187
0 0.505355 0.3445161290322581 0.010244999999999999 0.017569392348087024
0 0.514245 0.3310277569392348 0.008785 0.016316579144786198
0 0.50818 0.3275768942235559 0.0046 0.0131807951987997
0 0.513405 0.3172168042010503 0.008365000000000001 0.008784696174043512
0 0.5786549999999999 0.32647411852963243 0.013385 0.024163540885221307
0 0.6699400000000001 0.36961740435108775 0.01443 0.023848462115528882
0 0.7398899999999999 0.3451462865716429 0.018405 0.02196549137284321
0 0.720755 0.3233383345836459 0.016105 0.022280570142535632
0 0.69702 0.3114178544636159 0.012964999999999999 0.020397599399849965
0 0.68102 0.30858964741185296 0.011085000000000001 0.01851462865716429
0 0.665335 0.3118829707426857 0.011085000000000001 0.01506376594148537
0 0.65854 0.29948987246811704 0.007945 0.017884471117779445
0 0.6551950000000001 0.2913353338334584 0.00962 0.01223555888972243
0 0.6456799999999999 0.29760690172543136 0.00732 0.016631657914478622
0 0.64683 0.2820780195048762 0.005855000000000001 0.011297824456114028
0 0.63878 0.2914928732183046 0.00732 0.018829707426856714
0 0.631565 0.2812903225806451 0.00753 0.015371342835708925
0 0.620165 0.27579894973743435 0.00774 0.016316579144786198
0 0.6144149999999999 0.2844336084021005 0.006275 0.011612903225806452
0 0.6141 0.27250562640660164 0.006065 0.010982745686421606
0 0.6096050000000001 0.27156789197299325 0.005855000000000001 0.01223555888972243
0 0.635015 0.25525131282820707 0.006900000000000001 0.012865716429107275
0 0.67088 0.35204801200300073 0.016730000000000002 0.010667666916729183
0 0.658855 0.3525206301575394 0.008154999999999999 0.0172543135783946
0 0.64704 0.34906976744186047 0.01422 0.01913728432108027
0 0.6456799999999999 0.33071267816954236 0.010244999999999999 0.016316579144786198
0 0.635225 0.3379294823705926 0.008575 0.017569392348087024
0 0.6206900000000001 0.3277344336084021 0.010039999999999999 0.0172543135783946
0 0.620895 0.31392348087021754 0.010455 0.008469617404351088
0 0.610545 0.32051762940735185 0.00983 0.0172543135783946
0 0.600715 0.3134583645911478 0.00983 0.016316579144786198
0 0.59089 0.3056114028507127 0.00983 0.013803450862715679
0 0.586915 0.28662415603900976 0.00523 0.012865716429107275
0 0.59664 0.2983945986496624 0.008365000000000001 0.008784696174043512
0 0.59685 0.29008252063015755 0.008785 0.007216804201050262
0 0.9951749999999999 0.18018004501125282 0.00865 0.03294073518379595
0 0.97414 0.17771942985746436 0.01376 0.02703675918979745
0 0.9476 0.17943735933983496 0.01573 0.0314628657164291
0 0.965785 0.2153263315828957 0.02392 0.027531882970742688
0 0.923025 0.22245311327831957 0.019004999999999998 0.029002250562640657
0 0.9256449999999999 0.26203300825206305 0.020315 0.02851462865716429
0 0.90697 0.259324831207802 0.01573 0.028019504876219056
0 0.9035299999999999 0.22048762190547638 0.017365 0.020157539384846213
0 0.905495 0.182880720180045 0.016055 0.02064516129032258
0 0.8896000000000001 0.18804201050262564 0.01704 0.024088522130532634
0 0.871255 0.18632408102025508 0.01376 0.025566391597899474
0 0.8742000000000001 0.221470367591898 0.01376 0.028019504876219056
0 0.8606050000000001 0.21557389347336836 0.01278 0.01622655663915979
0 0.839305 0.2180345086271568 0.014745 0.024088522130532634
0 0.83865 0.25883720930232557 0.018675 0.026054013503375842
0 0.82833 0.18779444861215305 0.01245 0.017696924231057766
0 0.80392 0.19075018754688672 0.010815 0.017696924231057766
0 0.795505 0.19250562640660165 0.00728 0.017711927981995498
0 0.773365 0.19486871717929483 0.010235 0.016534133533383344
0 0.766085 0.1936834208552138 0.004725 0.016534133533383344
0 0.76028 0.19383345836459115 0.00728 0.015056264066016505
0 0.75182 0.19206301575393847 0.008855 0.012108027006751688
0 0.7446349999999999 0.19442610652663167 0.00551 0.013285821455363842
0 0.77022 0.21907726931732932 0.009445 0.015941485371342837
0 0.761955 0.21834208552138035 0.006295 0.013285821455363842
0 0.754375 0.21642160540135033 0.00807 0.015941485371342837
0 0.7463099999999999 0.21553638409602402 0.005705 0.01240060015003751
0 0.722005 0.21317329332333085 0.010235 0.015941485371342837
0 0.70833 0.213615903975994 0.00807 0.010922730682670669
0 0.70164 0.21405851462865716 0.0060999999999999995 0.010037509377344336
0 0.831515 0.30086271567891976 0.022629999999999997 0.0277569392348087
0 0.8050499999999999 0.29259564891222806 0.01456 0.026571642910727684
0 0.780845 0.28536384096024003 0.013380000000000001 0.022730682670667666
0 0.788815 0.2568717179294824 0.01476 0.01830457614403601
0 0.781335 0.246834208552138 0.012395 0.015941485371342837
0 0.769625 0.243728432108027 0.011805 0.01801200300075019
0 0.7592949999999999 0.24180795198799698 0.011215 0.01889722430607652
0 0.764805 0.28019504876219054 0.01712 0.023030757689422355
0 0.74749 0.2793098274568642 0.014365000000000001 0.022438109527381844
0 0.737255 0.27252063015753936 0.00728 0.01889722430607652
0 0.721515 0.2797524381095274 0.011215 0.01918979744936234
0 0.70961 0.24078019504876216 0.00905 0.013285821455363842
0 0.71325 0.27266316579144784 0.009640000000000001 0.017419354838709676
0 0.704885 0.2717779444861215 0.00866 0.01859714928732183
0 0.698295 0.2717779444861215 0.005315 0.016241560390097522
0 0.6916 0.2682370592648162 0.0060999999999999995 0.016826706676669165
0 0.68511 0.26218304576144036 0.008855 0.01830457614403601
0 0.6737949999999999 0.26321830457614404 0.008265 0.015056264066016505
0 0.6672 0.25952738184546137 0.0060999999999999995 0.014171042760690172
0 0.66159 0.259377344336084 0.004725 0.015056264066016505
0 0.68196 0.23443360840210054 0.00728 0.016534133533383344
0 0.698195 0.22453863465866467 0.00866 0.011515378844711177
0 0.70321 0.23738184546136534 0.006885 0.013578394598649663
0 0.69475 0.24122280570142537 0.00728 0.015356339084771192
0 0.6755650000000001 0.232655663915979 0.006295 0.014763690922730683
0 0.66907 0.23413353338334586 0.007085 0.011807951987996999
0 0.657855 0.25893473368342085 0.004725 0.017711927981995498
0 0.651165 0.25819954988747185 0.00905 0.013285821455363842
0 0.64339 0.2552438109527382 0.006495 0.015648912228057015
0 0.97961 0.32319579894973743 0.0359 0.05899474868717179
0 0.95824 0.2975468867216804 0.03163 0.03206301575393849
0 0.9328099999999999 0.3183870967741936 0.02949 0.04296324081020255
0 0.91443 0.3347411852963241 0.030345 0.04232558139534884
0 0.886225 0.3507726931732933 0.038895000000000006 0.043608402100525134
0 0.8637849999999999 0.39117029257314323 0.0359 0.07054013503375844
0 0.827885 0.3536609152288072 0.030775 0.04681170292573143
0 0.790055 0.3902100525131283 0.035475 0.036549137284321076
0 0.8424149999999999 0.462033008252063 0.045305 0.07502625656414104
0 0.8011699999999999 0.48415603900975246 0.05941 0.0846436609152288
0 0.7406900000000001 0.511410352588147 0.070095 0.07117779444861215
0 0.712055 0.6018304576144036 0.102575 0.14043510877719428
0 0.029965 0.6534283570892723 0.018645 0.029969992498124532
0 0.108875 0.6142085521380345 0.025305 0.02647411852963241
0 0.13984 0.607966991747937 0.023305 0.03297074268567142
0 0.16148500000000002 0.6039684921230308 0.017315 0.02897224306076519
0 0.18213 0.5949812453113278 0.026635000000000002 0.039962490622655666
0 0.221915 0.5757464366091523 0.016980000000000002 0.02447861965491373
0 0.2091 0.5734958739684921 0.01132 0.021980495123780946
0 0.0874 0.6209527381845461 0.017645 0.011987996999249812
0 0.201775 0.6888972243060765 0.02797 0.051957989497374346
0 0.30465499999999995 0.6346961740435109 0.031965 0.04845461365341336
0 0.292005 0.5627531882970742 0.029965 0.049459864966241565
0 0.250715 0.7241185296324081 0.03729 0.09042010502625657
0 0.142005 0.5902325581395349 0.016315 0.011492873218304576
0 0.19811 0.5914778694673669 0.01132 0.03796699174793698
0 0.295665 0.5312828207051763 0.01798 0.014486121530382595
0 0.361425 0.5395273818454615 0.02497 0.04495873968492123
0 0.380905 0.5073068267066767 0.019309999999999997 0.028477119279819954
0 0.396555 0.5177944486121531 0.01598 0.033473368342085516
0 0.411705 0.49781695423855965 0.016980000000000002 0.033473368342085516
0 0.465475 0.4853263315828958 0.023305 0.03646661665416354
0 0.34661000000000003 0.6701650412603151 0.035295 0.06644411102775694
0 0.39672 0.6644186046511628 0.058935 0.11589647411852964
0 0.386065 0.5937284321080271 0.034295 0.02747936984246062
0 0.36742 0.5857389347336834 0.02164 0.03646661665416354
0 0.52524 0.6227006751687921 0.0576 0.0914178544636159
0 0.568425 0.5267366841710428 0.034055 0.05259564891222806
0 0.5248550000000001 0.541012753188297 0.034055 0.05710427606901726
0 0.520595 0.49930982745686425 0.02354 0.027801950487621907
0 0.464005 0.5458964741185296 0.03556 0.060862715678919724
0 0.43771 0.5590472618154539 0.016024999999999998 0.05861215303825956
0 0.488545 0.5458964741185296 0.01853 0.04433608402100525
0 0.573185 0.4827831957989497 0.03055 0.0368192048012003
0 0.606485 0.49743435858964746 0.035055 0.04808702175543886
0 0.6357849999999999 0.44596399099774947 0.02554 0.04433608402100525
0 0.68787 0.4602400600150037 0.038564999999999995 0.05635408852213054
0 0.765245 0.4320630157539385 0.032049999999999995 0.04808702175543886
0 0.720675 0.4140285071267817 0.02404 0.043578394598649664
0 0.73795 0.3986196549137284 0.019530000000000002 0.033810952738184546
0 0.69513 0.4095198799699925 0.020035 0.015026256564141036
0 0.68286 0.4234208552138034 0.03055 0.020285071267816954
0 0.6585700000000001 0.44521380345086276 0.01803 0.03831957989497374
0 0.6600750000000001 0.4181620405101275 0.01703 0.009767441860465116
0 0.616255 0.43506376594148544 0.010515 0.01803450862715679
0 0.610745 0.4519729932483121 0.020535 0.015776444111027757