0 0.7990545454545455 0.7481967213114753 0.09323636363636364 0.14010928961748634
0 0.6839272727272728 0.6291256830601093 0.04381818181818182 0.06163934426229508
0 0.5710909090909091 0.6998907103825137 0.08483636363636363 0.1359016393442623
0 0.4773818181818182 0.6557377049180327 0.061527272727272736 0.10650273224043715
0 0.39021818181818185 0.587103825136612 0.058727272727272725 0.06726775956284153
0 0.3310181818181818 0.6543169398907104 0.08392727272727273 0.09808743169398906
0 0.31189090909090905 0.5527322404371585 0.04381818181818182 0.07989071038251366
0 0.23403636363636363 0.6172131147540983 0.05592727272727273 0.11907103825136611
0 0.14778181818181818 0.6340437158469946 0.08112727272727273 0.11628415300546449
0 0.03916363636363636 0.6067213114754099 0.07832727272727272 0.10366120218579235
0 0.011672727272727272 0.5177049180327868 0.02330909090909091 0.08825136612021857
0 0.0844 0.4855191256830601 0.045672727272727275 0.04901639344262296
0 0.07647272727272728 0.5401639344262295 0.05781818181818182 0.07989071038251366
0 0.03541818181818182 0.5134972677595628 0.026109090909090908 0.06584699453551913
0 0.6181818181818182 0.6273224043715847 0.05429090909090909 0.09628415300546449
0 0.5474181818181818 0.6159562841530054 0.058763636363636365 0.06819672131147542