0 0.651859375 0.38165970772442587 0.0751953125 0.11612734864300626
0 0.788578125 0.35490605427974947 0.0615234375 0.08872651356993737
0 0.031742187500000005 0.43646137787056366 0.0458984375 0.05349686847599165
0 0.1806640625 0.4044885177453027 0.041015625 0.04697286012526096
0 0.3613828125 0.3284133611691023 0.0238984375 0.034686847599164926
0 0.3502578125 0.300062630480167 0.01978125 0.029728601252609604
0 0.4357578125 0.29372651356993734 0.0243125 0.032484342379958245
0 0.44070312500000003 0.2747286012526096 0.0218359375 0.02312108559498956
0 0.91890625 0.15773486430062633 0.023078124999999998 0.03909185803757829
0 0.9005703125 0.2334446764091858 0.033375 0.05175365344467641
0 0.8597734375 0.2549164926931107 0.0358515625 0.053956158663883085
0 0.7843671875 0.18856993736951985 0.0251328125 0.04018789144050104
0 0.6652812499999999 0.24032359081419624 0.02678125 0.04129436325678497
0 0.649625 0.26372651356993737 0.023484375 0.040741127348643005