0 0.06115625 0.7034990439770554 0.02975 0.034378585086042066
0 0.0953125 0.6910325047801148 0.03746875 0.04045889101338432
0 0.15590625 0.6724856596558317 0.031953125 0.04112810707456979
0 0.21954687499999997 0.6478776290630974 0.029203125000000003 0.044493307839388145
0 0.27023437499999997 0.6384321223709368 0.029203125000000003 0.0458508604206501
0 0.32146875 0.6340535372848949 0.029203125000000003 0.04112810707456979
0 0.37682812499999996 0.6212428298279159 0.02975 0.04382409177820268
0 0.41098437499999996 0.6003441682600382 0.0330625 0.03573613766730402
0 0.090078125 0.7574378585086042 0.025890625 0.04112810707456979
0 0.14737499999999998 0.7122562141491395 0.030296875 0.034378585086042066
0 0.13773437500000002 0.7648565965583174 0.03746875 0.04921606118546845
0 0.139109375 0.821472275334608 0.044625 0.05730401529636711
0 0.22781250000000003 0.8019311663479924 0.033609375000000004 0.04112810707456979
0 0.221203125 0.7581070745697897 0.029203125000000003 0.047858508604206505
0 0.25370312500000003 0.7570936902485659 0.029203125000000003 0.03776290630975143
0 0.315953125 0.6987762906309751 0.030296875 0.047858508604206505
0 0.40134375 0.6782217973231357 0.029203125000000003 0.04315487571701721
0 0.428890625 0.7223709369024857 0.02809375 0.04112810707456979
0 0.40217187499999996 0.7436137667304016 0.03415625 0.044493307839388145
0 0.325046875 0.7965391969407265 0.03415625 0.04652007648183556
0 0.39831249999999996 0.7965391969407265 0.03415625 0.04921606118546845
0 0.43550000000000005 0.8076481835564053 0.042421875 0.04718929254302103
0 0.488671875 0.8093499043977056 0.050687499999999996 0.047858508604206505
0 0.435234375 0.8797896749521988 0.04628125 0.06066921606118547
0 0.391703125 0.8518164435946463 0.039671875 0.05191204588910134
0 0.315953125 0.8696749521988527 0.04021875 0.057973231357552585
0 0.22478125000000002 0.8996749521988527 0.044078125 0.06
0 0.19034374999999998 0.8754110898661568 0.033609375000000004 0.06135755258126196
0 0.408515625 0.9605162523900574 0.055640625 0.07514340344168259
0 0.340203125 0.9632122370936902 0.051234375 0.06975143403441682
0 0.537984375 0.9259655831739961 0.057843750000000006 0.09776290630975144
0 0.664140625 0.9526003824091778 0.09090625 0.08764818355640536
0 0.7858906250000001 0.9023709369024857 0.0655625 0.08156787762906309
0 0.84896875 0.7968642447418738 0.057296875000000004 0.07686424474187381
0 0.8985625 0.9709177820267687 0.083734375 0.05818355640535373
0 0.948421875 0.8784512428298279 0.06665625 0.09304015296367112
0 0.59665625 0.8524856596558318 0.048484375 0.06405353728489484
0 0.6577968750000001 0.8170936902485659 0.031953125 0.044493307839388145
0 0.803515625 0.5315869980879541 0.01928125 0.023594646271510516
0 0.8999375000000001 0.541357552581262 0.024796875 0.036405353728489485
0 0.8407031249999999 0.5619311663479923 0.030859375 0.028986615678776292
0 0.7836875 0.5319120458891013 0.021484375 0.026959847036328873
0 0.8027031250000001 0.5895602294455067 0.027546875 0.034378585086042066
0 0.77653125 0.5743977055449331 0.025890625 0.036405353728489485
0 0.72721875 0.540019120458891 0.027546875 0.03370936902485659
0 0.72859375 0.5760803059273423 0.02809375 0.027648183556405356
0 0.7005 0.541357552581262 0.021484375 0.028317399617590822
0 0.65146875 0.5518164435946463 0.0236875 0.03304015296367113
0 0.680109375 0.58282982791587 0.030296875 0.03304015296367113
0 0.619515625 0.5952963671128106 0.024796875 0.03370936902485659
0 0.6024375 0.5561950286806883 0.030296875 0.02965583173996176
0 0.53715625 0.5838240917782026 0.026437500000000003 0.03776290630975143
0 0.97128125 0.5777629063097515 0.028640624999999996 0.03235181644359465
0 0.489765625 0.7038432122370937 0.0330625 0.0458508604206501
0 0.5211718750000001 0.6650669216061185 0.035265625 0.04382409177820268
0 0.583984375 0.6677629063097514 0.02975 0.04112810707456979
0 0.63825 0.6563097514340345 0.0325 0.042466539196940725
0 0.6944375 0.6387762906309751 0.0325 0.04112810707456979
0 0.65478125 0.7173231357552582 0.029203125000000003 0.04179732313575526
0 0.562765625 0.7422562141491396 0.038015625 0.05527724665391969
0 0.5018906249999999 0.7574378585086042 0.040765625 0.04516252390057362
0 0.568 0.7941682600382409 0.028640624999999996 0.04179732313575526
0 0.61153125 0.7813575525812619 0.041875 0.04045889101338432
0 0.679015625 0.761472275334608 0.0413125 0.04652007648183556
0 0.7065625 0.8086615678776291 0.05014062500000001 0.06269598470363288
0 0.7952656250000001 0.7695602294455067 0.04021875 0.05055449330783939
0 0.8360312499999999 0.6751816443594646 0.034703125 0.04112810707456979
0 0.7834218749999999 0.7179923518164436 0.035265625 0.044493307839388145
0 0.748984375 0.7405736137667304 0.03690625 0.042466539196940725
0 0.720890625 0.6997896749521989 0.029203125000000003 0.03776290630975143
0 0.778734375 0.6795602294455068 0.030296875 0.03235181644359465
0 0.781765625 0.6492351816443594 0.028640624999999996 0.026959847036328873
0 0.756140625 0.6421414913957935 0.022593750000000003 0.027648183556405356
0 0.821703125 0.6337284894837476 0.033609375000000004 0.03101338432122371
0 0.89553125 0.7574378585086042 0.043515625 0.06808795411089866
0 0.9426249999999999 0.7213575525812619 0.040765625 0.044493307839388145
0 0.9517187500000001 0.6799043977055449 0.04021875 0.03977055449330784
0 0.9829375 0.6664244741873805 0.031015625 0.04652007648183556
0 0.98265625 0.7426003824091778 0.0315625 0.058661567877629064
0 0.982109375 0.8123709369024856 0.032671875 0.07686424474187381
0 0.903234375 0.6566347992351816 0.033609375000000004 0.04045889101338432
0 0.923625 0.6236137667304015 0.031406250000000004 0.03910133843212237
0 0.93575 0.5986615678776291 0.025890625 0.03235181644359465
0 0.88203125 0.6266347992351817 0.0330625 0.026290630975143402
0 0.882859375 0.6003441682600382 0.02809375 0.02495219885277247