0 0.14186458333333332 0.42579146919431277 0.06497395833333333 0.08381516587677725
0 0.30706249999999996 0.4216587677725119 0.04815625 0.07238388625592417
0 0.8332447916666667 0.44313270142180095 0.062322916666666665 0.0711042654028436
0 0.9719427083333334 0.43144549763033174 0.05152604166666667 0.08248341232227488
0 0.6709739583333333 0.24404739336492895 0.06083333333333333 0.055236966824644546
0 0.9189479166666668 0.18680568720379148 0.051395833333333335 0.052682464454976305
0 0.9898854166666666 0.2080568720379147 0.020223958333333333 0.06969668246445498
0 0.9882395833333334 0.14030805687203793 0.02352083333333333 0.04816587677725118
0 0.9134114583333334 0.13727488151658768 0.045375000000000006 0.04060189573459716
0 0.9691927083333333 0.05964928909952607 0.0480625 0.0413175355450237
0 0.92565625 0.01552132701421801 0.037369791666666666 0.026545023696682463
0 0.09415104166666667 0.33860663507109007 0.07374479166666667 0.06535545023696683
0 0.054328125 0.2647867298578199 0.05944791666666667 0.054184834123222746
0 0.02734375 0.20529383886255925 0.047489583333333335 0.05516587677725119