0 0.085556640625 0.5278832116788321 0.04029296875 0.0751094890510949
0 0.1376953125 0.5250510948905109 0.046923828125 0.056686131386861315
0 0.25263671875 0.5399270072992701 0.03318359375 0.05385401459854015
0 0.25453125 0.4782919708029197 0.025595703125 0.04960583941605839
0 0.1903125 0.4595036496350365 0.034599609375 0.04889051094890511
0 0.13201171875 0.4534890510948905 0.039345703125 0.05243795620437956
0 0.12513671875 0.3968029197080292 0.027490234375 0.05243795620437956
0 0.0673046875 0.3769635036496351 0.0388671875 0.05810218978102189
0 0.025595703125 0.42550364963503656 0.0455078125 0.07724087591240876
0 0.200732421875 0.40636496350364965 0.032705078125 0.05172262773722628
0 0.152861328125 0.36065693430656937 0.02607421875 0.04392700729927007
0 0.081767578125 0.3387007299270073 0.02607421875 0.03684671532846715
0 0.10072265625 0.3096496350364964 0.0251171875 0.03684671532846715
0 0.0215625 0.2997226277372263 0.02607421875 0.0410948905109489
0 0.01232421875 0.26535766423357665 0.0246484375 0.02621897810218978
0 0.041474609375 0.26004379562043795 0.018486328125 0.04251094890510949
0 0.148359375 0.2596934306569343 0.0180078125 0.024802919708029194
0 0.17845703125 0.26465693430656934 0.011845703125 0.029051094890510946
0 0.205 0.24516788321167882 0.01375 0.01983941605839416
0 0.21353515625 0.26712408759124084 0.014697265625 0.025503649635036495
0 0.168974609375 0.29475912408759125 0.01564453125 0.0325985401459854
0 0.21685546875 0.3213430656934307 0.0175390625 0.04181021897810219
0 0.219931640625 0.29264233576642334 0.01611328125 0.01983941605839416
0 0.2471875 0.28767883211678835 0.0175390625 0.026919708029197083
0 0.2431640625 0.2561459854014599 0.01421875 0.023386861313868613
0 0.2720703125 0.2596934306569343 0.01611328125 0.023386861313868613
0 0.2784765625 0.2898102189781022 0.01943359375 0.029766423357664235
0 0.2580859375 0.3248759124087591 0.0175390625 0.027635036496350365
0 0.247900390625 0.3518102189781022 0.017060546875 0.034715328467153285
0 0.500068359375 0.5427591240875913 0.032236328125 0.04392700729927007
0 0.548408203125 0.5448905109489051 0.027490234375 0.03967883211678832
0 0.599599609375 0.542058394160584 0.02654296875 0.03543065693430657
0 0.66548828125 0.5378102189781021 0.0284375 0.03543065693430657
0 0.738955078125 0.5285985401459854 0.021806640625 0.03967883211678832
0 0.740380859375 0.4733284671532847 0.019912109375 0.04392700729927007
0 0.73587890625 0.4102627737226277 0.018486328125 0.026919708029197083
0 0.7380078125 0.378029197080292 0.0180078125 0.024802919708029194
0 0.733271484375 0.34932846715328464 0.017060546875 0.028335766423357663
0 0.731611328125 0.31459854014598543 0.01564453125 0.017007299270072992
0 0.72212890625 0.29654014598540146 0.01375 0.02197080291970803
0 0.69677734375 0.478992700729927 0.01611328125 0.03543065693430657
0 0.656005859375 0.4733284671532847 0.025595703125 0.03684671532846715
0 0.609560546875 0.4782919708029197 0.02275390625 0.034014598540145984
0 0.563818359375 0.48075912408759125 0.020380859375 0.0332992700729927
0 0.518076171875 0.48395620437956205 0.025595703125 0.038262773722627735
0 0.4728125 0.4889197080291971 0.02607421875 0.03543065693430657
0 0.415224609375 0.49245255474452554 0.029384765625 0.04392700729927007
0 0.412138671875 0.44072992700729924 0.024169921875 0.031182481751824816
0 0.33890625 0.42195620437956205 0.02654296875 0.034715328467153285
0 0.303828125 0.38014598540145983 0.018955078125 0.03897810218978102
0 0.367109375 0.3918394160583942 0.018486328125 0.034014598540145984
0 0.413564453125 0.4038832116788322 0.016591796875 0.026919708029197083
0 0.484052734375 0.4529781021897811 0.023095703125 0.02877372262773723
0 0.540595703125 0.44964963503649635 0.017763671875 0.0354014598540146
0 0.587822265625 0.4416934306569343 0.019833984375 0.03186861313868613
0 0.634599609375 0.4396934306569343 0.016875 0.02877372262773723
0 0.684482421875 0.4381459854014598 0.02072265625 0.038058394160583944
0 0.670859375 0.38150364963503647 0.015986328125 0.026554744525547447
0 0.639775390625 0.40804379562043797 0.01658203125 0.026554744525547447
0 0.628818359375 0.3797226277372263 0.01716796875 0.028321167883211675
0 0.68107421875 0.33236496350364964 0.010361328125 0.019474452554744524
0 0.686845703125 0.3188759124087591 0.01125 0.01548905109489051
0 0.690546875 0.2967445255474453 0.0133203125 0.025226277372262775
0 0.664345703125 0.30293430656934306 0.012431640625 0.014598540145985401
0 0.665830078125 0.3210802919708029 0.00947265625 0.024335766423357667
0 0.616533203125 0.3210802919708029 0.010361328125 0.01991240875912409
0 0.626162109375 0.2991824817518248 0.012431640625 0.024788321167883213
0 0.594775390625 0.30824817518248177 0.010654296875 0.02345985401459854
0 0.577607421875 0.3182043795620438 0.012431640625 0.020364963503649636
0 0.552587890625 0.30713868613138684 0.012138671875 0.023007299270072994
0 0.551103515625 0.32994160583941606 0.012138671875 0.013722627737226278
0 0.545478515625 0.34985401459854015 0.016279296875 0.026116788321167882
0 0.565908203125 0.3797226277372263 0.0133203125 0.030087591240875913
0 0.585009765625 0.3595912408759124 0.01302734375 0.026116788321167882
0 0.59744140625 0.38414598540145983 0.0148046875 0.026554744525547447
0 0.57109375 0.41115328467153284 0.017763671875 0.028321167883211675
0 0.518984375 0.4036204379562044 0.015986328125 0.02213138686131387
0 0.52283203125 0.37861313868613145 0.015390625 0.024335766423357667
0 0.497080078125 0.35405839416058393 0.014208984375 0.026554744525547447
0 0.520322265625 0.31975182481751824 0.0133203125 0.02167883211678832
0 0.50876953125 0.30559124087591244 0.013916015625 0.02345985401459854
0 0.48005859375 0.2867883211678832 0.012734375 0.020364963503649636
0 0.480947265625 0.3078102189781022 0.012138671875 0.01637956204379562
0 0.474130859375 0.32262773722627736 0.014501953125 0.02213138686131387
0 0.466435546875 0.34741605839416057 0.017470703125 0.025664233576642333
0 0.44482421875 0.40407299270072994 0.0204296875 0.03097810218978102
0 0.436982421875 0.3724233576642336 0.01302734375 0.03141605839416058
0 0.4169921875 0.3458686131386861 0.016279296875 0.02345985401459854
0 0.45044921875 0.3038248175182482 0.012734375 0.022569343065693432
0 0.454443359375 0.28524087591240876 0.013623046875 0.018145985401459855
0 0.43046875 0.2878978102189781 0.013623046875 0.019036496350364963
0 0.40515625 0.310014598540146 0.016875 0.02167883211678832
0 0.3987890625 0.3693284671532847 0.02072265625 0.02788321167883212
0 0.37421875 0.34763503649635036 0.013623046875 0.02877372262773723
0 0.37703125 0.3237372262773722 0.016279296875 0.018145985401459855
0 0.39375 0.2836934306569343 0.011845703125 0.023897810218978105
0 0.364443359375 0.2834598540145985 0.010654296875 0.018145985401459855
0 0.338984375 0.2774890510948905 0.01302734375 0.024788321167883213
0 0.310712890625 0.2743941605839416 0.013916015625 0.019474452554744524
0 0.3073046875 0.31931386861313865 0.0148046875 0.022569343065693432
0 0.288955078125 0.32484671532846715 0.017763671875 0.03186861313868613
0 0.304638671875 0.3483065693430657 0.0225 0.020364963503649636
0 0.3403125 0.3452116788321168 0.017470703125 0.025664233576642333
0 0.34046875 0.31865693430656933 0.013623046875 0.019474452554744524
0 0.36607421875 0.310014598540146 0.012138671875 0.02167883211678832
0 0.3213671875 0.3005109489051095 0.015693359375 0.026554744525547447
0 0.485380859375 0.40163503649635035 0.02220703125 0.035854014598540145
0 0.70994140625 0.37573722627737227 0.019541015625 0.033635036496350364