0 0.5399186046511628 0.6639130434782609 0.18217441860465114 0.37542443064182196
0 0.7492209302325582 0.4886128364389234 0.1511627906976744 0.2705383022774327
0 0.8275232558139535 0.2525879917184265 0.10465116279069768 0.14078674948240166
0 0.9158953488372092 0.19944099378881988 0.08604651162790698 0.13111801242236024
0 0.8965116279069767 0.09730848861283643 0.05503488372093023 0.07867494824016563
0 0.8337209302325581 0.07867494824016563 0.053488372093023255 0.08556935817805382
0 0.7143372093023256 0.2229192546583851 0.06898837209302325 0.12008281573498965
0 0.7189883720930234 0.30917184265010356 0.09845348837209303 0.07728778467908902
0 0.5810116279069768 0.36853002070393376 0.10154651162790697 0.17666666666666667
0 0.4852674418604651 0.4044099378881988 0.11162790697674418 0.1877225672877847
0 0.3321744186046512 0.3761283643892339 0.08915116279069768 0.2001449275362319
0 0.24186046511627907 0.463768115942029 0.11008139534883721 0.2070393374741201
0 0.08643023255813953 0.6569979296066252 0.1728720930232558 0.31745341614906836
0 0.09961627906976744 0.468592132505176 0.11084883720930232 0.12561076604554866
0 0.08488372093023255 0.3015942028985507 0.05813953488372093 0.10076604554865425
0 0.1658953488372093 0.19530020703933748 0.05581395348837209 0.09799171842650103
0 0.2868255813953488 0.22428571428571428 0.054267441860465115 0.05658385093167702
0 0.2399186046511628 0.30434782608695654 0.05659302325581395 0.053830227743271224
0 0.2775232558139535 0.15596273291925467 0.046511627906976744 0.06900621118012422
0 0.36511627906976746 0.21325051759834368 0.04186046511627907 0.062111801242236024
0 0.3806162790697674 0.2939958592132505 0.05891860465116279 0.13525879917184264
0 0.9802325581395349 0.3181573498964803 0.03953488372093023 0.2277432712215321
0 0.9660813953488373 0.14285714285714285 0.0655 0.10351966873706005
0 0.9864302325581396 0.07314699792960662 0.022476744186046508 0.07728778467908902
0 0.948453488372093 0.05865424430641822 0.04108139534883721 0.06763975155279503
0 0.7538720930232559 0.14078674948240166 0.03953488372093023 0.09109730848861283
0 0.6434069767441861 0.12768115942028985 0.05581395348837209 0.08142857142857142
0 0.5399186046511628 0.2415527950310559 0.05813953488372093 0.08006211180124224
0 0.5058139534883721 0.15666666666666668 0.05503488372093023 0.08142857142857142
0 0.5589186046511628 0.13732919254658385 0.05116279069767442 0.09248447204968945
0 0.5736395348837209 0.07660455486542443 0.04031395348837209 0.06763975155279503
0 0.4197674418604651 0.4161490683229814 0.04573255813953488 0.15045548654244306
0 0.38915116279069767 0.15459627329192546 0.06201162790697674 0.06900621118012422
0 0.4166627906976744 0.10627329192546583 0.059686046511627906 0.09385093167701863
0 0.13372093023255813 0.13732919254658385 0.04263953488372093 0.05935817805383023
0 0.49456976744186043 0.07385093167701863 0.05116279069767442 0.04830227743271221