0 0.5247307180851064 0.61573 0.08529255319148936 0.19813
0 0.39810837765957446 0.70497 0.168999335106383 0.20994
0 0.9194847074468085 0.513015 0.10137965425531914 0.18936
0 0.774561170212766 0.4114 0.035538563829787234 0.0528
0 0.7959208776595745 0.367365 0.027127659574468083 0.058065
0 0.8772107712765957 0.38673 0.03414561170212766 0.050125
0 0.9243583776595744 0.37295999999999996 0.029122340425531912 0.04925
0 0.9870345744680851 0.425675 0.025930851063829786 0.07801999999999999
0 0.9512367021276597 0.413315 0.045668218085106384 0.0633
0 0.943128324468085 0.30595999999999995 0.017902260638297873 0.04192
0 0.968966090425532 0.290385 0.01907247340425532 0.0341
0 0.9920212765957447 0.3088 0.015957446808510637 0.054265
0 0.8850930851063831 0.32790499999999995 0.01897938829787234 0.02831
0 0.8895977393617021 0.300405 0.018424202127659575 0.027015
0 0.8722739361702129 0.31605500000000003 0.01176529255319149 0.027225000000000003
0 0.8558942819148937 0.313455 0.018178191489361704 0.03333
0 0.8587898936170212 0.29308 0.01580784574468085 0.023665
0 0.8476363031914894 0.33714 0.014019281914893617 0.02417
0 0.8391489361702127 0.336455 0.013171542553191489 0.03127
0 0.8037067819148936 0.32547000000000004 0.01636968085106383 0.030504999999999997
0 0.8033710106382979 0.313525 0.012087765957446808 0.022165
0 0.7813696808510638 0.281385 0.014059175531914892 0.027129999999999998
0 0.8497938829787234 0.241435 0.006269946808510638 0.015065
0 0.8668184840425531 0.24897999999999998 0.015119680851063829 0.024505
0 0.7723204787234043 0.20254 0.00960438829787234 0.022075
0 0.754371675531915 0.20504499999999998 0.0071210106382978726 0.021435
0 0.7773038563829787 0.19252 0.010914228723404255 0.014755
0 0.7006349734042554 0.237445 0.01053191489361702 0.01557
0 0.6954621010638298 0.290845 0.012027925531914894 0.01779
0 0.7555718085106383 0.31295 0.014906914893617023 0.02101
0 0.7324035904255319 0.33309500000000003 0.014019281914893617 0.021725
0 0.7383344414893617 0.34970999999999997 0.01461436170212766 0.019625
0 0.7352526595744681 0.39130000000000004 0.02171875 0.04345
0 0.7405119680851064 0.32918000000000003 0.014960106382978724 0.019555
0 0.7152726063829787 0.316535 0.009993351063829786 0.015465
0 0.7188796542553191 0.329245 0.012180851063829788 0.01968
0 0.6804886968085107 0.368075 0.01660904255319149 0.03233
0 0.6740159574468085 0.430755 0.023912898936170216 0.0418
0 0.6536602393617021 0.39605 0.01387965425531915 0.02186
0 0.6413264627659574 0.405895 0.015013297872340424 0.027420000000000003
0 0.6288397606382978 0.412815 0.02293218085106383 0.02995
0 0.6271575797872341 0.39090499999999995 0.010172872340425533 0.015805
0 0.6416356382978723 0.37082 0.0106781914893617 0.020855000000000002
0 0.6422573138297872 0.34635000000000005 0.013198138297872341 0.022805
0 0.6496309840425532 0.33353 0.012829122340425533 0.02119
0 0.6568783244680851 0.289285 0.008380984042553191 0.01749
0 0.6789926861702128 0.27946 0.00953125 0.017625
0 0.6187134308510638 0.263005 0.013011968085106383 0.03277
0 0.6508909574468086 0.312595 0.014411569148936171 0.027370000000000002
0 0.6096875 0.367625 0.01443816489361702 0.030015
0 0.5961768617021277 0.31914 0.008347739361702128 0.01643
0 0.5910339095744681 0.31272000000000005 0.013211436170212766 0.02479
0 0.5782047872340426 0.31567500000000004 0.00811502659574468 0.017985
0 0.5699601063829788 0.31061500000000003 0.013078457446808512 0.020579999999999998
0 0.5845046542553192 0.345585 0.013194813829787233 0.011375
0 0.5828058510638298 0.358435 0.01543218085106383 0.02153
0 0.5938696808510638 0.385275 0.017878989361702128 0.024335000000000002
0 0.559717420212766 0.36634 0.01477061170212766 0.024614999999999998
0 0.5476462765957446 0.384175 0.011831781914893619 0.02496
0 0.539873670212766 0.36956 0.010289228723404256 0.022574999999999998
0 0.5298204787234043 0.35604 0.010950797872340426 0.020975
0 0.5380817819148936 0.3474 0.012932180851063829 0.017835
0 0.5106382978723404 0.41229000000000005 0.016136968085106382 0.024655
0 0.5127659574468085 0.394855 0.018460771276595744 0.02512
0 0.44989361702127656 0.452575 0.01930186170212766 0.02891
0 0.46658577127659573 0.384885 0.012154255319148937 0.024565
0 0.48166555851063825 0.380525 0.015824468085106385 0.02755
0 0.5021775265957447 0.371495 0.01332779255319149 0.023625
0 0.5101761968085106 0.36241500000000004 0.008607047872340425 0.021015
0 0.49951795212765954 0.35101499999999997 0.009544547872340426 0.016579999999999998
0 0.5093949468085106 0.342305 0.013929521276595745 0.020364999999999998
0 0.4691655585106383 0.34504 0.010757978723404255 0.020175000000000002
0 0.4432845744680851 0.364555 0.014591090425531915 0.01681
0 0.44288231382978727 0.386565 0.017493351063829786 0.019844999999999998
0 0.40058178191489363 0.38905 0.0107280585106383 0.020579999999999998
0 0.394813829787234 0.39221 0.0096875 0.02548
0 0.442563164893617 0.322935 0.00840093085106383 0.015545
0 0.4388863031914894 0.318755 0.00929188829787234 0.017079999999999998
0 0.2648038563829787 0.43901999999999997 0.0229155585106383 0.038375
0 0.1907912234042553 0.52142 0.02500997340425532 0.057275