0 0.017538126361655776 0.1389443535188216 0.01849673202614379 0.03641162029459902
0 0.0676062091503268 0.1499672667757774 0.015307734204793028 0.029705400981996723
0 0.10140795206971678 0.15044599018003274 0.01403050108932462 0.030662847790507364
0 0.12755718954248366 0.16481996726677578 0.01403050108932462 0.02874795417348609
0 0.006059368191721133 0.1772749590834697 0.012118736383442266 0.03258183306055646
0 0.04496459694989107 0.18685761047463176 0.01594498910675381 0.02874795417348609
0 0.09407407407407407 0.19164893617021275 0.013393246187363834 0.02874795417348609
0 0.12277505446623094 0.19069148936170213 0.01594498910675381 0.02491407528641571
0 0.15689542483660132 0.23045826513911621 0.015307734204793028 0.031620294599018
0 0.1246868191721133 0.2285433715220949 0.014667755991285402 0.029705400981996723
0 0.10108932461873638 0.22566693944353516 0.017219498910675382 0.0335392798690671
0 0.07238834422657953 0.21560556464811786 0.01977124183006536 0.03258183306055646
0 0.02997549019607843 0.2184819967266776 0.020408496732026143 0.030662847790507364
0 0.02838235294117647 0.25729132569558105 0.021045751633986927 0.03545417348608838
0 0.06409858387799565 0.25585106382978723 0.01849673202614379 0.038330605564648124
0 0.10587145969498911 0.2596849427168576 0.020408496732026143 0.04407937806873977
0 0.13712418300653595 0.2615998363338789 0.019133986928104578 0.03641162029459902
0 0.17634803921568626 0.27166121112929625 0.017219498910675382 0.02779050736497545
0 0.2152532679738562 0.2678314238952537 0.01594498910675381 0.02779050736497545
0 0.2665958605664488 0.31622340425531914 0.016582244008714598 0.038330605564648124
0 0.24491013071895423 0.315740589198036 0.016582244008714598 0.03545417348608838
0 0.2181236383442266 0.3099918166939444 0.020408496732026143 0.03545417348608838
0 0.149880174291939 0.3080769230769231 0.02168572984749455 0.03928805237315876
0 0.11320806100217864 0.315740589198036 0.02232298474945534 0.03545417348608838
0 0.07143246187363834 0.31334697217675944 0.020408496732026143 0.03641162029459902
0 0.03125272331154684 0.3090343698854337 0.02168572984749455 0.04120294599018003
0 0.011160130718954248 0.36413256955810147 0.021045751633986927 0.04982815057283142
0 0.05261710239651416 0.36796644844517185 0.02232298474945534 0.03641162029459902
0 0.11065631808278867 0.3626963993453355 0.02232298474945534 0.04120294599018003
0 0.14445806100217867 0.3593412438625205 0.024874727668845315 0.04024549918166939
0 0.18177015250544662 0.3588625204582651 0.024234749455337688 0.03737315875613748
0 0.21078976034858388 0.3550286415711948 0.01977124183006536 0.03545417348608838
0 0.24682461873638345 0.3598199672667758 0.016582244008714598 0.03928805237315876
0 0.284452614379085 0.3559901800327332 0.02168572984749455 0.03545417348608838
0 0.32718409586056646 0.4024631751227496 0.017856753812636163 0.04216448445171849
0 0.2917864923747277 0.41156710310965633 0.021045751633986927 0.03545417348608838
0 0.26244825708061004 0.40965220949263503 0.01977124183006536 0.03545417348608838
0 0.22545751633986927 0.41444353518821603 0.021045751633986927 0.03928805237315876
0 0.19324891067538127 0.4283346972176759 0.022960239651416123 0.04216448445171849
0 0.14637254901960786 0.42785597381342066 0.021045751633986927 0.04312193126022913
0 0.10874183006535948 0.44127250409165303 0.026149237472766883 0.04503682487725041
0 0.05899509803921568 0.44846153846153847 0.026149237472766883 0.04599427168576105
0 0.007333877995642701 0.4475 0.014667755991285402 0.05174713584288052
0 0.04528322440087146 0.7210801963993453 0.04336873638344227 0.07569967266775778
0 0.0985375816993464 0.7565343698854338 0.04273148148148148 0.07378477905073651
0 0.11480119825708061 0.5265548281505729 0.025511982570806103 0.05270458265139116
0 0.16072167755991285 0.5059533551554828 0.026786492374727668 0.04791325695581015
0 0.2066421568627451 0.5006833060556465 0.02168572984749455 0.04312193126022913
0 0.24682461873638345 0.4915793780687398 0.026786492374727668 0.04216448445171849
0 0.2911492374727669 0.4853518821603928 0.01977124183006536 0.03928805237315876
0 0.32654684095860564 0.48295826513911616 0.020408496732026143 0.04024549918166939
0 0.3629003267973856 0.4685842880523732 0.017856753812636163 0.038330605564648124
0 0.3804411764705882 0.4642716857610475 0.01849673202614379 0.0335392798690671
0 0.18559640522875817 0.5979459901800328 0.030612745098039216 0.04407937806873977
0 0.23853213507625273 0.582614566284779 0.025511982570806103 0.05749590834697218
0 0.28479030501089325 0.5649590834697218 0.02621187363834423 0.04392389525368248
0 0.32234204793028326 0.5570049099836334 0.0236900871459695 0.04771276595744681
0 0.35812908496732027 0.5422381342062194 0.02167483660130719 0.04695171849427168
0 0.3858523965141612 0.5358019639934534 0.022682461873638347 0.04165302782324059
0 0.398202614379085 0.46006955810147304 0.016130174291938998 0.035593289689034364
0 0.41534041394335514 0.5304991816693945 0.017137799564270154 0.04013911620294599
0 0.4420533769063181 0.5248199672667758 0.01915305010893246 0.03635024549918167
0 0.4654929193899782 0.5058878887070377 0.01965686274509804 0.03483633387888707
0 0.4231535947712418 0.45363338788870705 0.014618736383442266 0.03332242225859247
0 0.4443218954248366 0.44795417348608835 0.01764161220043573 0.03256546644844517
0 0.46952614379084967 0.4411374795417349 0.014618736383442266 0.029533551554828154
0 0.4939705882352941 0.4377291325695581 0.014112200435729848 0.030294599018003274
0 0.15550108932461873 0.8004828150572831 0.05191721132897603 0.07876022913256957
0 0.022429193899782134 0.8042716857610475 0.04284313725490196 0.0954214402618658
0 0.20288126361655773 0.7948036006546645 0.03377178649237473 0.0537684124386252
0 0.17893790849673202 0.9023445171849427 0.06754357298474946 0.11738543371522095
0 0.2805065359477124 0.8690220949263502 0.047883986928104576 0.08406301145662848
0 0.3263752723311547 0.8553887070376432 0.032764161220043574 0.06740180032733224
0 0.29890250544662306 0.9528764320785597 0.06754357298474946 0.09425122749590835
0 0.4042510893246188 0.888330605564648 0.04334967320261438 0.07118657937806873
0 0.47532135076252724 0.9386947626841244 0.03931644880174292 0.07346153846153845
0 0.553954248366013 0.9280932896890345 0.03528322440087146 0.056800327332242224
0 0.6479602396514161 0.9504337152209493 0.035787037037037034 0.059071194762684125
0 0.5640359477124183 0.9712602291325696 0.040324074074074075 0.05074058919803601
0 0.6461955337690631 0.9888461538461537 0.03931644880174292 0.022303600654664482
0 0.53505174291939 0.5611702127659575 0.020667211328976035 0.03635024549918167
0 0.5131263616557734 0.5710147299509002 0.018145424836601306 0.03938216039279869
0 0.4831345315904139 0.5846481178396072 0.016633986928104576 0.03938216039279869
0 0.4627205882352941 0.5929787234042553 0.02117102396514161 0.04240998363338789
0 0.4324782135076253 0.6149427168576105 0.02318627450980392 0.03938216039279869
0 0.411557734204793 0.6327373158756138 0.024697712418300655 0.04771276595744681
0 0.3692184095860566 0.6425818330605565 0.0236900871459695 0.04013911620294599
0 0.34754357298474947 0.6679541734860884 0.028730936819172114 0.04998363338788871
0 0.46952614379084967 0.7186947626841244 0.026715686274509803 0.04846972176759411
0 0.5060702614379085 0.6766612111292962 0.022178649237472765 0.04771276595744681
0 0.5572303921568628 0.6448567921440261 0.022682461873638347 0.04013911620294599
0 0.5952859477124183 0.6115343698854336 0.01915305010893246 0.03407937806873977
0 0.6126770152505446 0.6175900163666121 0.01562636165577342 0.037107201309328965
0 0.6265386710239652 0.5971440261865794 0.015122549019607844 0.031051554828150574
0 0.6595533769063181 0.5755605564648119 0.014618736383442266 0.03332242225859247
0 0.6716503267973857 0.5596563011456628 0.012600762527233116 0.02726268412438625
0 0.6857625272331155 0.5570049099836334 0.01159313725490196 0.031051554828150574
0 0.694332788671024 0.5486743044189852 0.01159313725490196 0.023477905073649757
0 0.7097058823529412 0.5403436988543371 0.012096949891067538 0.026505728314238954
0 0.6817320261437909 0.4903641571194763 0.01159313725490196 0.023477905073649757
0 0.6678703703703703 0.44567921440261865 0.008063725490196079 0.021963993453355157
0 0.6456917211328976 0.40175531914893614 0.013104575163398692 0.021963993453355157
0 0.6272930283224402 0.3646481178396072 0.008567538126361657 0.020445990180032732
0 0.5920098039215687 0.3377618657937807 0.008567538126361657 0.021202945990180033
0 0.5589950980392158 0.34041325695581015 0.008063725490196079 0.018932078559738136
0 0.5816775599128541 0.3388993453355155 0.01008169934640523 0.020445990180032732
0 0.5317755991285403 0.3127700490998363 0.01008169934640523 0.018175122749590836
0 0.49724673202614383 0.2855073649754501 0.01159313725490196 0.024234860883797053
0 0.46347766884531594 0.25710720130932896 0.010585511982570805 0.021963993453355157
0 0.4498665577342048 0.2533224222585925 0.01159313725490196 0.017418166939443536
0 0.4032434640522876 0.20599018003273323 0.01008169934640523 0.022720949263502457
0 0.3939161220043573 0.2052332242225859 0.012600762527233116 0.021202945990180033
0 0.36493464052287583 0.199930441898527 0.013104575163398692 0.022720949263502457
0 0.349057734204793 0.19804009819967267 0.012600762527233116 0.026505728314238954
0 0.3251143790849673 0.18781505728314238 0.012096949891067538 0.024234860883797053
0 0.30293572984749456 0.18970949263502454 0.013104575163398692 0.020445990180032732
0 0.28504084967320265 0.18894844517184944 0.01360838779956427 0.024991816693944353
0 0.26840686274509806 0.18440671031096562 0.010585511982570805 0.021963993453355157
0 0.24698529411764705 0.18251227495908348 0.014112200435729848 0.02877659574468085
0 0.2248066448801743 0.17948445171849428 0.014112200435729848 0.030294599018003274
0 0.26059640522875815 0.20447626841243863 0.011089324618736383 0.025748772504091653
0 0.28101034858387797 0.21318330605564648 0.012600762527233116 0.026505728314238954
0 0.2963834422657952 0.2116693944353519 0.015122549019607844 0.028019639934533554
0 0.31478213507625274 0.21507774140752864 0.012600762527233116 0.024234860883797053
0 0.3344389978213507 0.22038052373158756 0.01159313725490196 0.024234860883797053
0 0.28705882352941176 0.240069558101473 0.01159313725490196 0.022720949263502457
0 0.3039433551198257 0.24044599018003274 0.013104575163398692 0.024991816693944353
0 0.32158496732026143 0.24272094926350246 0.014112200435729848 0.024991816693944353
0 0.31604030501089325 0.27452536824877255 0.014112200435729848 0.023477905073649757
0 0.3392265795206972 0.26960310965630113 0.013104575163398692 0.02877659574468085
0 0.3392265795206972 0.24764320785597382 0.013104575163398692 0.021202945990180033
0 0.359640522875817 0.24537234042553194 0.012600762527233116 0.025748772504091653
0 0.37476307189542485 0.2510515548281506 0.009577886710239653 0.021963993453355157
0 0.3924046840958606 0.24574877250409166 0.012600762527233116 0.026505728314238954
0 0.40651960784313723 0.24840016366612114 0.010585511982570805 0.025748772504091653
0 0.4244117647058824 0.2510515548281506 0.012096949891067538 0.024991816693944353
0 0.43726579520697173 0.2548363338788871 0.012600762527233116 0.023477905073649757
0 0.3573747276688453 0.2718780687397709 0.012096949891067538 0.025748772504091653
0 0.375016339869281 0.2749058919803601 0.012096949891067538 0.030294599018003274
0 0.4072739651416122 0.2722545008183306 0.012096949891067538 0.029533551554828154
0 0.42516884531590415 0.27755728314238953 0.012600762527233116 0.018932078559738136
0 0.43903050108932457 0.2764198036006547 0.011089324618736383 0.024234860883797053
0 0.45364651416122004 0.27414893617021274 0.015122549019607844 0.024234860883797053
0 0.46952614379084967 0.2798281505728314 0.009577886710239653 0.017418166939443536
0 0.4818736383442266 0.27869067103109657 0.011089324618736383 0.021202945990180033
0 0.3576252723311547 0.3089852700490998 0.01360838779956427 0.02877659574468085
0 0.3319199346405229 0.3548036006546645 0.01764161220043573 0.031051554828150574
0 0.3551062091503268 0.34647299509001633 0.01764161220043573 0.031051554828150574
0 0.3546023965141612 0.3960761047463175 0.020667211328976035 0.03180851063829787
0 0.37703159041394335 0.3964566284779051 0.017137799564270154 0.029533551554828154
0 0.38308006535947714 0.3438216039279869 0.014112200435729848 0.02726268412438625
0 0.3760239651416122 0.30974222585924716 0.012096949891067538 0.024234860883797053
0 0.3939161220043573 0.3116366612111293 0.01360838779956427 0.023477905073649757
0 0.3974455337690632 0.3915343698854337 0.014618736383442266 0.030294599018003274
0 0.4039978213507625 0.34495908346972176 0.014618736383442266 0.031051554828150574
0 0.4130718954248366 0.3135310965630114 0.012600762527233116 0.030294599018003274
0 0.43499727668845317 0.30633387888707037 0.012096949891067538 0.026505728314238954
0 0.4443218954248366 0.3093657937806874 0.009577886710239653 0.023477905073649757
0 0.461712962962963 0.31012274959083475 0.013104575163398692 0.024991816693944353
0 0.4735566448801743 0.3082283142389525 0.01360838779956427 0.02726268412438625
0 0.4869144880174292 0.31125613747954173 0.011089324618736383 0.025748772504091653
0 0.5032979302832243 0.30974222585924716 0.01159313725490196 0.02726268412438625
0 0.5126225490196078 0.312013093289689 0.01008169934640523 0.022720949263502457
0 0.4256726579520697 0.34760638297872337 0.014618736383442266 0.03180851063829787
0 0.43928104575163396 0.34912438625204584 0.01159313725490196 0.02877659574468085
0 0.4576797385620915 0.3419271685761047 0.015122549019607844 0.028019639934533554
0 0.4735566448801743 0.34268412438625206 0.01562636165577342 0.026505728314238954
0 0.4899400871459695 0.3407937806873977 0.015122549019607844 0.024234860883797053
0 0.5065740740740741 0.3419271685761047 0.013104575163398692 0.024991816693944353
0 0.5199291938997822 0.338518821603928 0.01360838779956427 0.02877659574468085
0 0.5345479302832243 0.338518821603928 0.012600762527233116 0.02726268412438625
0 0.5499210239651416 0.3388993453355155 0.011089324618736383 0.021963993453355157
0 0.4218927015250545 0.39380523731587563 0.01915305010893246 0.02877659574468085
0 0.44532952069716775 0.3854746317512275 0.01360838779956427 0.030294599018003274
0 0.4680119825708061 0.38585106382978723 0.01562636165577342 0.03256546644844517
0 0.48288126361655775 0.38282324058919803 0.014112200435729848 0.029533551554828154
0 0.4982570806100218 0.38433715220949266 0.01360838779956427 0.026505728314238954
0 0.5158986928104575 0.3782815057283142 0.01360838779956427 0.029533551554828154
0 0.5360593681917212 0.3760065466448445 0.012600762527233116 0.031051554828150574
0 0.5456372549019608 0.3782815057283142 0.01159313725490196 0.026505728314238954
0 0.5589950980392158 0.3767635024549918 0.011089324618736383 0.029533551554828154
0 0.5688235294117646 0.3748731587561375 0.010585511982570805 0.02726268412438625
0 0.5789052287581699 0.37032733224222586 0.010585511982570805 0.024234860883797053
0 0.5945288671023965 0.3725981996726678 0.012600762527233116 0.025748772504091653
0 0.6182216775599129 0.3684328968903437 0.010585511982570805 0.024991816693944353
0 0.54135348583878 0.4248527004909983 0.017137799564270154 0.030294599018003274
0 0.5252233115468409 0.48354746317512276 0.016130174291938998 0.031051554828150574
0 0.5602532679738562 0.41652209492635023 0.014618736383442266 0.030294599018003274
0 0.57260348583878 0.4180400981996727 0.011089324618736383 0.03332242225859247
0 0.5841966230936819 0.4112234042553191 0.012096949891067538 0.025748772504091653
0 0.5983115468409586 0.4131178396072013 0.013104575163398692 0.024991816693944353
0 0.6220016339869281 0.4100859247135843 0.01008169934640523 0.021963993453355157
0 0.6358632897603486 0.40857201309328967 0.01360838779956427 0.031051554828150574
0 0.6547657952069718 0.4449222585924714 0.01008169934640523 0.020445990180032732
0 0.6439270152505446 0.4490875613747954 0.010585511982570805 0.021202945990180033
0 0.6320833333333334 0.45060147299509 0.013104575163398692 0.022720949263502457
0 0.6202369281045752 0.45893207855973817 0.012600762527233116 0.025748772504091653
0 0.6073828976034858 0.45893207855973817 0.01008169934640523 0.02726268412438625
0 0.5904983660130719 0.4646153846153846 0.01159313725490196 0.029533551554828154
0 0.5652941176470588 0.4782446808510638 0.014618736383442266 0.026505728314238954
0 0.5458877995642701 0.47938216039279863 0.016130174291938998 0.02877659574468085
0 0.5693273420479303 0.5475409165302783 0.01562636165577342 0.03483633387888707
0 0.5897412854030502 0.5346644844517185 0.016130174291938998 0.030294599018003274
0 0.6038562091503268 0.5312561374795418 0.014112200435729848 0.031051554828150574
0 0.6156998910675381 0.5240630114566285 0.014618736383442266 0.03180851063829787
0 0.6361138344226579 0.5111906710310965 0.013104575163398692 0.02877659574468085
0 0.6502287581699346 0.5062643207855974 0.015122549019607844 0.03407937806873977
0 0.6696350762527233 0.4960433715220949 0.01360838779956427 0.02877659574468085
0 0.9917238562091504 0.5418617021276596 0.01562636165577342 0.028019639934533554
0 0.9461056644880174 0.5358019639934534 0.013104575163398692 0.023477905073649757
0 0.9161165577342048 0.5369394435351882 0.01360838779956427 0.025748772504091653
0 0.8888970588235294 0.5293657937806874 0.01360838779956427 0.022720949263502457
0 0.8543681917211329 0.5263338788870703 0.013104575163398692 0.025748772504091653
0 0.8347113289760348 0.5221685761047463 0.015122549019607844 0.021963993453355157
0 0.7991748366013073 0.5180032733224222 0.012600762527233116 0.022720949263502457
0 0.9541721132897603 0.49263502454991814 0.013104575163398692 0.026505728314238954
0 0.9418218954248365 0.4513625204582652 0.01159313725490196 0.025748772504091653
0 0.9435866013071895 0.37979541734860883 0.013104575163398692 0.026505728314238954
0 0.9972467320261438 0.3877454991816694 0.005503812636165578 0.025748772504091653
0 0.9158632897603486 0.38433715220949266 0.013104575163398692 0.021963993453355157
0 0.908050108932462 0.4104664484451718 0.01360838779956427 0.02726268412438625
0 0.9239297385620915 0.49225450081833055 0.012096949891067538 0.025748772504091653
0 0.8936846405228759 0.4861988543371522 0.011089324618736383 0.022720949263502457
0 0.9020016339869281 0.4487111292962357 0.012600762527233116 0.028019639934533554
0 0.8866285403050108 0.3760065466448445 0.013104575163398692 0.029533551554828154
0 0.863442265795207 0.38092880523731587 0.012096949891067538 0.021202945990180033
0 0.8412636165577342 0.3695703764320786 0.012096949891067538 0.022720949263502457
0 0.812532679738562 0.3725981996726678 0.014112200435729848 0.022720949263502457
0 0.7956481481481481 0.37563011456628476 0.012600762527233116 0.025748772504091653
0 0.7686791938997821 0.3737356792144026 0.012096949891067538 0.021963993453355157
0 0.748014705882353 0.3684328968903437 0.013104575163398692 0.026505728314238954
0 0.7228104575163399 0.3669189852700491 0.013104575163398692 0.024991816693944353
0 0.7031535947712418 0.3642675941080196 0.012096949891067538 0.021202945990180033
0 0.685511982570806 0.3676759410801964 0.011089324618736383 0.021963993453355157
0 0.710462962962963 0.40175531914893614 0.010585511982570805 0.024991816693944353
0 0.7389406318082788 0.40326923076923077 0.012096949891067538 0.023477905073649757
0 0.7616230936819172 0.40099836333878885 0.011089324618736383 0.023477905073649757
0 0.779264705882353 0.4025122749590835 0.013104575163398692 0.029533551554828154
0 0.8049727668845317 0.40819558101472997 0.012096949891067538 0.024234860883797053
0 0.8331998910675382 0.4047872340425532 0.01008169934640523 0.026505728314238954
0 0.8611737472766885 0.40743453355155484 0.01159313725490196 0.03180851063829787
0 0.8757924836601306 0.44605973813420624 0.012600762527233116 0.021202945990180033
0 0.8523529411764706 0.44643617021276594 0.012096949891067538 0.020445990180032732
0 0.8253867102396515 0.4373486088379706 0.01562636165577342 0.029533551554828154
0 0.7938834422657952 0.4445458265139116 0.012096949891067538 0.021202945990180033
0 0.7704438997821351 0.4381096563011457 0.01562636165577342 0.023477905073649757
0 0.750787037037037 0.4381096563011457 0.01360838779956427 0.026505728314238954
0 0.7611192810457517 0.47142798690671034 0.014112200435729848 0.021963993453355157
0 0.7790141612200435 0.4839238952536825 0.012600762527233116 0.022720949263502457
0 0.8084994553376906 0.4839238952536825 0.012096949891067538 0.024234860883797053
0 0.8324428104575163 0.4827905073649755 0.01159313725490196 0.029533551554828154
0 0.867979302832244 0.4888461538461539 0.012096949891067538 0.026505728314238954