0 0.537100977198697 0.4323780487804878 0.033322475570032574 0.055426829268292684
0 0.3471986970684039 0.548109756097561 0.03553745928338762 0.0651219512195122
0 0.40530944625407167 0.5986585365853659 0.05403908794788274 0.0997560975609756
0 0.32758957654723125 0.6167073170731707 0.04960912052117264 0.10530487804878048
0 0.26947882736156353 0.6437195121951219 0.051824104234527685 0.1178048780487805
0 0.1935830618892508 0.5979878048780487 0.03182410423452769 0.05128048780487805
0 0.09697068403908794 0.6998170731707317 0.03257328990228013 0.06926829268292682
0 0.16693811074918566 0.6520121951219513 0.028859934853420192 0.04847560975609756
0 0.15547231270358305 0.713719512195122 0.04146579804560261 0.0748170731707317
0 0.2054397394136808 0.6700609756097561 0.05553745928338762 0.11225609756097561
0 0.23504885993485342 0.6229268292682927 0.02739413680781759 0.08731707317073172
0 0.060716612377850164 0.7566463414634147 0.05625407166123778 0.1025609756097561
0 0.12436482084690553 0.8148780487804878 0.06811074918566776 0.11085365853658537
0 0.21543973941368078 0.8903658536585366 0.07846905537459284 0.14548780487804877
0 0.33794788273615634 0.8730487804878049 0.153257328990228 0.2494512195121951
0 0.4589902280130293 0.7496951219512196 0.09771986970684039 0.14689024390243902
0 0.6351791530944625 0.644390243902439 0.062182410423452766 0.13579268292682928
0 0.7280781758957655 0.6409146341463414 0.10143322475570032 0.223109756097561
0 0.7765798045602605 0.5370121951219512 0.08143322475570032 0.11499999999999999
0 0.8076547231270358 0.41018292682926827 0.062182410423452766 0.12195121951219512
0 0.8617263843648209 0.3880487804878049 0.06368078175895765 0.11640243902439024
0 0.8683713355048859 0.5425609756097561 0.0947557003257329 0.21481707317073168
0 0.9740390879478826 0.3051829268292683 0.0454071661237785 0.10323170731707317
0 0.8597068403908795 0.30591463414634146 0.03407166123778502 0.059207317073170736
0 0.7011400651465798 0.4615243902439024 0.051107491856677525 0.033414634146341465
0 0.6966775244299674 0.3704268292682927 0.03729641693811075 0.07896341463414634
0 0.6719543973941368 0.38640243902439025 0.02514657980456026 0.059207317073170736
0 0.6439739413680782 0.40231707317073173 0.03407166123778502 0.0698170731707317
0 0.6131270358306189 0.4509146341463415 0.03407166123778502 0.0698170731707317
0 0.5961237785016287 0.40158536585365856 0.03407166123778502 0.044024390243902436
0 0.5669055374592834 0.5700609756097561 0.05029315960912052 0.12603658536585366
0 0.5360912052117264 0.5146951219512195 0.048664495114006515 0.10323170731707317