0 0.9741621621621621 0.033541666666666664 0.03728828828828829 0.06708333333333333
0 0.9375315315315316 0.09370192307692307 0.026441441441441442 0.054759615384615386
0 0.9607207207207208 0.17043269230769229 0.04509009009009009 0.06940705128205128
0 0.8382522522522523 0.09370192307692307 0.030783783783783786 0.04241987179487179
0 0.8052972972972973 0.05012820512820513 0.029909909909909913 0.04935897435897436
0 0.753063063063063 0.08251602564102564 0.02774774774774775 0.053990384615384614
0 0.8306666666666667 0.1465224358974359 0.03901801801801802 0.06633012820512821
0 0.7823243243243243 0.19974358974358974 0.036846846846846845 0.07403846153846154
0 0.9041441441441441 0.2614423076923077 0.041189189189189186 0.0786698717948718
0 0.7402702702702703 0.1908653846153846 0.03598198198198198 0.06863782051282051
0 0.7073243243243243 0.1233974358974359 0.02557657657657658 0.0508974358974359
0 0.6956126126126126 0.16310897435897437 0.02557657657657658 0.05012820512820513
0 0.6724234234234234 0.19165064102564103 0.03641441441441442 0.07017628205128205
0 0.6507477477477478 0.1283974358974359 0.029477477477477476 0.04088141025641026
0 0.6294954954954955 0.020817307692307694 0.021675675675675674 0.04163461538461539
0 0.6468378378378379 0.1700480769230769 0.01820720720720721 0.037788461538461535
0 0.9583423423423423 0.11991987179487179 0.03337837837837838 0.028541666666666663
0 0.6210450450450451 0.22094551282051283 0.036846846846846845 0.06863782051282051
0 0.71209009009009 0.24060897435897433 0.03511711711711711 0.041650641025641026
0 0.5694504504504505 0.1908653846153846 0.02557657657657658 0.04549679487179487
0 0.5501621621621621 0.19125 0.014738738738738738 0.041650641025641026
0 0.5332522522522523 0.19434294871794872 0.019945945945945946 0.0447275641025641
0 0.5237117117117117 0.1357371794871795 0.020810810810810813 0.040096153846153844
0 0.49228828828828836 0.1280128205128205 0.02124324324324324 0.053990384615384614
0 0.5122252252252253 0.2606730769230769 0.028180180180180182 0.06016025641025641
0 0.5551441441441441 0.2664423076923077 0.036846846846846845 0.07171474358974358
0 0.4896846846846846 0.18509615384615385 0.026441441441441442 0.06169871794871795
0 0.4534864864864865 0.2089903846153846 0.024279279279279278 0.04318910256410256
0 0.43527027027027027 0.2757051282051282 0.032945945945945944 0.059375
0 0.42162162162162165 0.21131410256410257 0.029909909909909913 0.06477564102564103
0 0.35572072072072075 0.1642628205128205 0.02037837837837838 0.046266025641025645
0 0.3869369369369369 0.2371474358974359 0.02471171171171171 0.05012820512820513
0 0.3763153153153153 0.2980769230769231 0.032081081081081084 0.060929487179487186
0 0.2926396396396396 0.16464743589743588 0.024279279279279278 0.04858974358974359
0 0.2794144144144144 0.23676282051282052 0.030783783783783786 0.0508974358974359
0 0.21005405405405406 0.1908653846153846 0.023846846846846848 0.04703525641025641
0 0.17666666666666667 0.21439102564102563 0.022981981981981984 0.04782051282051282
0 0.2172072072072072 0.24370192307692307 0.03035135135135135 0.05552884615384615
0 0.2419189189189189 0.3 0.02254054054054054 0.053990384615384614
0 0.30499099099099103 0.3154166666666667 0.03251351351351352 0.0508974358974359
0 0.03186486486486486 0.32506410256410256 0.026441441441441442 0.04549679487179487
0 0.10578378378378378 0.276474358974359 0.019945945945945946 0.04088141025641026
0 0.15065765765765765 0.28418269230769233 0.026441441441441442 0.05320512820512821
0 0.12334234234234234 0.32621794871794874 0.029909909909909913 0.06323717948717948
0 0.0554954954954955 0.3852083333333333 0.032081081081081084 0.054759615384615386
0 0.8926576576576577 0.4156730769230769 0.06590090090090091 0.15115384615384614
0 0.7945495495495496 0.3120512820512821 0.057486486486486486 0.11275641025641026
0 0.7142072072072072 0.2970673076923077 0.048027027027027026 0.07248397435897436
0 0.7434774774774775 0.5789743589743589 0.07624324324324323 0.19669871794871793
0 0.6768198198198198 0.3854647435897436 0.05528828828828829 0.11104166666666668
0 0.6144054054054054 0.3204166666666667 0.04012612612612613 0.08565705128205128
0 0.5709279279279279 0.40607371794871794 0.05572972972972973 0.1411698717948718
0 0.5678108108108108 0.6285576923076923 0.06554054054054054 0.1483173076923077
0 0.9642252252252252 0.8546794871794873 0.06973873873873873 0.2879326923076923
0 0.41967567567567565 0.4782532051282051 0.054486486486486484 0.11096153846153846
0 0.442963963963964 0.40802884615384616 0.04579279279279279 0.0716346153846154
0 0.45993693693693694 0.3651923076923077 0.04500900900900901 0.05899038461538462
0 0.5171891891891892 0.3391987179487179 0.03632432432432432 0.08006410256410257
0 0.41177477477477475 0.3623878205128205 0.029216216216216215 0.07584935897435897
0 0.3241261261261261 0.5772756410256411 0.0686936936936937 0.1348397435897436
0 0.25148648648648647 0.5407532051282051 0.04816216216216216 0.0617948717948718
0 0.3347927927927928 0.7352884615384615 0.08527927927927928 0.18681089743589743
0 0.08330630630630631 0.8624038461538461 0.12081081081081081 0.23596153846153847
0 0.08488288288288288 0.6980769230769232 0.08290990990990992 0.0674198717948718
0 0.1883153153153153 0.5906250000000001 0.07185585585585585 0.13905448717948718
0 0.2052972972972973 0.48948717948717946 0.04106306306306306 0.05758012820512821
0 0.13778378378378378 0.5583173076923077 0.03236936936936937 0.08849358974358974
0 0.022144144144144142 0.5842628205128205 0.04128828828828829 0.08947115384615384
0 0.07732432432432432 0.4934615384615385 0.046549549549549554 0.08947115384615384
0 0.22372072072072074 0.4133333333333334 0.04354054054054054 0.08145833333333333
0 0.2924144144144144 0.4099839743589744 0.033783783783783786 0.08012820512820513
0 0.2909189189189189 0.35189102564102565 0.027774774774774774 0.033381410256410254
0 0.1754954954954955 0.4250160256410256 0.027441441441441443 0.05134615384615385
0 0.19918918918918918 0.37810897435897434 0.014252252252252252 0.055144230769230765
0 0.06182882882882883 0.44655448717948715 0.03527927927927928 0.055144230769230765