0 0.92576171875 0.9095442708333333 0.0648828125 0.06565104166666667
0 0.90548828125 0.7890494791666667 0.0579296875 0.074921875
0 0.868408203125 0.7133463541666667 0.0509765625 0.06720052083333333
0 0.8716015625 0.6117708333333333 0.045771484375 0.061796875
0 0.908671875 0.5580859375 0.044609375 0.06102864583333333
0 0.65580078125 0.94546875 0.0509765625 0.075703125
0 0.6902734375 0.8639713541666666 0.0550390625 0.07338541666666666
0 0.716337890625 0.7620052083333334 0.0515625 0.06874999999999999
0 0.699541015625 0.6758854166666667 0.0480859375 0.07106770833333333
0 0.672890625 0.5827994791666666 0.039970703125 0.05484375
0 0.673173828125 0.5210026041666667 0.04982421875 0.06102864583333333
0 0.68853515625 0.4503255208333334 0.045771484375 0.06643229166666667
0 0.68794921875 0.4008984375 0.043447265625 0.026263020833333334
0 0.908095703125 0.4947395833333333 0.045771484375 0.050208333333333334
0 0.84349609375 0.4260026041666667 0.038232421875 0.0579296875
0 0.880283203125 0.30588541666666663 0.042294921875 0.06643229166666667
0 0.866962890625 0.219375 0.036494140625 0.061796875
0 0.990400390625 0.14985677083333335 0.01919921875 0.037083333333333336
0 0.984853515625 0.03592447916666667 0.0278125 0.05329427083333333
0 0.8744921875 0.17070312499999998 0.038818359375 0.037083333333333336
0 0.84697265625 0.12049479166666667 0.033603515625 0.047890625
0 0.86087890625 0.08033854166666667 0.03939453125 0.0278125
0 0.8597265625 0.0243359375 0.037080078125 0.044023437500000005
0 0.687373046875 0.13286458333333334 0.036494140625 0.050976562499999996
0 0.721845703125 0.04828125 0.03591796875 0.0378515625
0 0.603369140625 0.0305078125 0.033017578125 0.044023437500000005
0 0.59091796875 0.10041666666666667 0.04287109375 0.055611979166666665
0 0.57990234375 0.1784375 0.04634765625 0.054075520833333335
0 0.559052734375 0.2769140625 0.04982421875 0.05639322916666667
0 0.54572265625 0.4402864583333333 0.04287109375 0.061796875
0 0.511259765625 0.5793229166666667 0.050400390625 0.07260416666666666
0 0.488662109375 0.8041015625 0.050400390625 0.09114583333333333
0 0.464912109375 0.7152734375 0.053876953125 0.06951822916666667
0 0.256640625 0.8400260416666666 0.059091796875 0.07647135416666666
0 0.074443359375 0.8365494791666667 0.050400390625 0.07260416666666666
0 0.090087890625 0.7608463541666667 0.0550390625 0.07415364583333334
0 0.12310546875 0.6534765625 0.045771484375 0.06643229166666667
0 0.314287109375 0.6955729166666668 0.043447265625 0.06874999999999999
0 0.3067578125 0.6171744791666667 0.057353515625 0.07723958333333333
0 0.3493359375 0.5383854166666667 0.04634765625 0.07723958333333333
0 0.143671875 0.5897526041666666 0.04982421875 0.07028645833333333
0 0.13498046875 0.5016927083333333 0.052138671875 0.059479166666666666
0 0.334560546875 0.46307291666666667 0.046923828125 0.05639322916666667
0 0.381201171875 0.4128645833333333 0.04287109375 0.06102864583333333
0 0.361787109375 0.32944010416666664 0.038818359375 0.05484375
0 0.221591796875 0.2869661458333333 0.0480859375 0.05484375
0 0.042578125 0.39510416666666665 0.0550390625 0.05484375
0 0.04142578125 0.33794270833333334 0.0480859375 0.050208333333333334
0 0.0579296875 0.28541666666666665 0.040556640625 0.05329427083333333
0 0.091240234375 0.23134114583333332 0.0411328125 0.0517578125
0 0.14396484375 0.20546875 0.038818359375 0.04634114583333334
0 0.157578125 0.15255208333333334 0.03939453125 0.050208333333333334
0 0.017958984375 0.451875 0.03591796875 0.06951822916666667
0 0.009267578125 0.5179166666666667 0.01853515625 0.04865885416666666
0 0.40234375 0.19735677083333333 0.03765625 0.05329427083333333
0 0.420302734375 0.15757812499999999 0.035341796875 0.03553385416666666
0 0.45505859375 0.12783854166666667 0.031865234375 0.05484375
0 0.446953125 0.0753125 0.03765625 0.04865885416666666
0 0.298642578125 0.18384114583333333 0.036494140625 0.05252604166666667
0 0.319501953125 0.13555989583333333 0.031865234375 0.04248697916666667
0 0.32732421875 0.09114583333333333 0.038232421875 0.044804687499999996
0 0.351357421875 0.021627604166666665 0.035341796875 0.04325520833333333
0 0.153525390625 0.06604166666666667 0.03939453125 0.04712239583333333
0 0.100224609375 0.018541666666666668 0.03591796875 0.037083333333333336
0 0.047216796875 0.026263020833333334 0.036494140625 0.04634114583333334