0 0.5358125 0.36178125 0.012437499999999999 0.01990625
0 0.539125 0.32821875 0.014083333333333333 0.01990625
0 0.5378958333333334 0.3083125 0.009937499999999998 0.01740625
0 0.53375 0.294625 0.009937499999999998 0.0124375
0 0.176125 0.8702500000000001 0.02735416666666667 0.04971875
0 0.24987499999999999 0.8018750000000001 0.024041666666666666 0.05221875
0 0.3021041666666667 0.74778125 0.02735416666666667 0.046
0 0.3543125 0.688125 0.020729166666666667 0.0360625
0 0.3986458333333333 0.64709375 0.016583333333333332 0.031093749999999996
0 0.420625 0.6184999999999999 0.022375 0.031093749999999996
0 0.22004166666666666 0.9031874999999999 0.03233333333333333 0.053468749999999995
0 0.2830416666666667 0.82984375 0.03066666666666667 0.046
0 0.35389583333333335 0.77140625 0.023208333333333334 0.053468749999999995
0 0.3953333333333333 0.708625 0.021541666666666667 0.04228125
0 0.4703333333333333 0.616625 0.022375 0.04228125
0 0.4952083333333333 0.5830625 0.0256875 0.03728125
0 0.24697916666666667 0.9839062500000001 0.0348125 0.030906250000000003
0 0.34312499999999996 0.91809375 0.0348125 0.05096874999999999
0 0.389125 0.8192812500000001 0.029 0.0571875
0 0.48650000000000004 0.7073750000000001 0.029833333333333333 0.04725
0 0.5142708333333333 0.63653125 0.02735416666666667 0.04475
0 0.5523958333333333 0.59984375 0.024041666666666666 0.0435
0 0.5801666666666667 0.5606875 0.026520833333333334 0.039781250000000004
0 0.3936875 0.97146875 0.04641666666666667 0.050812500000000003
0 0.465375 0.93925 0.04725 0.06340625
0 0.524625 0.796875 0.038125 0.06215625
0 0.5577708333333333 0.7185625 0.026520833333333334 0.0546875
0 0.5913541666666667 0.6501875 0.03066666666666667 0.04725
0 0.6133124999999999 0.6048125 0.029833333333333333 0.053468749999999995
0 0.6418958333333333 0.547625 0.024041666666666666 0.05096874999999999
0 0.6622083333333334 0.5153125000000001 0.026520833333333334 0.041031250000000005
0 0.6282291666666667 0.8988437499999999 0.0480625 0.09446875
0 0.5362291666666666 0.9801875000000001 0.05635416666666667 0.035875000000000004
0 0.8379166666666666 0.9578125 0.07791666666666666 0.07815625000000001
0 0.8379166666666666 0.78071875 0.058020833333333334 0.09946875
0 0.7508958333333333 0.7123437499999999 0.0414375 0.069625
0 0.7430208333333332 0.616625 0.035645833333333335 0.059687500000000004
0 0.7587708333333333 0.5065937500000001 0.03066666666666667 0.053468749999999995
0 0.7732708333333334 0.458125 0.028187499999999997 0.0435
0 0.9514583333333333 0.6713125 0.04972916666666667 0.07956250000000001
0 0.8872291666666666 0.48175 0.04558333333333333 0.055937499999999994
0 0.9025625 0.43696875 0.028187499999999997 0.03853125
0 0.9514583333333333 0.27971875 0.028187499999999997 0.039781250000000004
0 0.9904375000000001 0.29525 0.016625 0.041031250000000005
0 0.9734166666666667 0.11540625 0.017395833333333333 0.0278125
0 0.9564374999999999 0.10709375000000002 0.018229166666666668 0.02859375
0 0.9340625 0.194125 0.019895833333333335 0.031093749999999996
0 0.9116875 0.17609375 0.016583333333333332 0.02734375
0 0.8942708333333333 0.16675 0.014916666666666667 0.02859375
0 0.8859791666666667 0.14625 0.013270833333333334 0.02734375
0 0.8524166666666667 0.20903125 0.017395833333333333 0.023625
0 0.8727291666666667 0.13878125 0.009937499999999998 0.022375
0 0.8594583333333333 0.13071875 0.009937499999999998 0.021124999999999998
0 0.8085 0.11515625 0.010770833333333334 0.01990625
0 0.7968958333333334 0.1101875 0.012437499999999999 0.022375
0 0.8201041666666666 0.19909375 0.012437499999999999 0.023625
0 0.8035208333333334 0.1804375 0.012437499999999999 0.023625
0 0.7699583333333333 0.14625 0.013270833333333334 0.022375
0 0.7906666666666666 0.1555625 0.013270833333333334 0.01865625
0 0.7919166666666667 0.17609375 0.009125 0.022375
0 0.5909375 0.34890625000000003 0.011604166666666667 0.022375
0 0.6418958333333333 0.31656249999999997 0.014083333333333333 0.024875
0 0.702 0.283625 0.013270833333333334 0.023625
0 0.767875 0.25503125 0.01575 0.01615625
0 0.7529583333333334 0.22146875000000002 0.010770833333333334 0.021124999999999998
0 0.7649791666666667 0.236375 0.013270833333333334 0.01615625
0 0.7388750000000001 0.20715625000000001 0.012437499999999999 0.02734375
0 0.7272708333333333 0.19596875 0.007458333333333333 0.01990625
0 0.7330625000000001 0.18231250000000002 0.010770833333333334 0.0074687500000000006
0 0.7036458333333333 0.24881250000000002 0.011604166666666667 0.023625
0 0.6733958333333334 0.2481875 0.017395833333333333 0.0124375
0 0.6800208333333334 0.21834375 0.010770833333333334 0.024875
0 0.6207708333333334 0.24571874999999999 0.009937499999999998 0.01490625
0 0.6315416666666667 0.25253125 0.011604166666666667 0.0136875
0 0.571875 0.28112499999999996 0.006625000000000001 0.0136875
0 0.5942500000000001 0.28112499999999996 0.011604166666666667 0.01615625
0 0.5983958333333333 0.30971875 0.008291666666666666 0.01615625
0 0.5826458333333334 0.33025000000000004 0.009937499999999998 0.01990625
0 0.6485416666666667 0.2724375 0.009125 0.021124999999999998
0 0.6443958333333334 0.2960625 0.014083333333333333 0.0136875
0 0.5606875 0.45178124999999997 0.0163125 0.020374999999999997