0 0.516875 0.7822083333333334 0.035015625 0.08841666666666666
0 0.6140546875 0.7596527777777778 0.049734375 0.08661111111111111
0 0.7378828125 0.7641666666666668 0.0406015625 0.09563888888888888
0 0.8091875 0.7537777777777778 0.042125 0.08390277777777777
0 0.36462500000000003 0.7655138888888888 0.05632812499999999 0.09833333333333333
0 0.282921875 0.7506250000000001 0.0431328125 0.08299999999999999
0 0.1735625 0.7497222222222222 0.050749999999999997 0.09383333333333334
0 0.9378359375 0.7686666666666667 0.044656249999999995 0.09743055555555556
0 0.060390624999999996 0.715888888888889 0.043640625 0.091125
0 0.009390625 0.6518333333333334 0.0187734375 0.06947222222222223
0 0.052015624999999996 0.6170972222222222 0.0258828125 0.04691666666666667
0 0.09210937500000001 0.6608611111111111 0.0248671875 0.05683333333333333
0 0.10682812500000001 0.6148472222222222 0.0268984375 0.05502777777777777
0 0.15224218750000001 0.6770972222222222 0.018265625 0.060444444444444446
0 0.178890625 0.6793472222222222 0.034 0.054125
0 0.1540234375 0.605375 0.0238515625 0.052333333333333336
0 0.206546875 0.5986111111111111 0.0324765625 0.05323611111111111
0 0.28596875 0.605375 0.0228359375 0.054125
0 0.34940625000000003 0.6112361111111111 0.0238515625 0.051430555555555556
0 0.380359375 0.682513888888889 0.029945312499999998 0.060444444444444446
0 0.41030468750000004 0.6662777777777779 0.028929687500000002 0.06586111111111112
0 0.48287500000000005 0.6757500000000001 0.035015625 0.059541666666666666
0 0.48540625000000004 0.618 0.029945312499999998 0.052333333333333336
0 0.427046875 0.6216111111111111 0.0268984375 0.04872222222222222
0 0.592234375 0.6613055555555556 0.0324765625 0.07577777777777778
0 0.577515625 0.6193611111111111 0.01928125 0.05502777777777777
0 0.6300390625000001 0.6098888888888889 0.0258828125 0.05773611111111111
0 0.6795234375 0.669875 0.0314609375 0.06405555555555555
0 0.761484375 0.6847638888888888 0.031968750000000004 0.07938888888888888
0 0.691703125 0.6189027777777778 0.024359375 0.04511111111111111
0 0.7827968750000001 0.6324444444444445 0.0258828125 0.05593055555555556
0 0.8477499999999999 0.6703333333333333 0.03603125 0.07037500000000001
0 0.8523203125000001 0.6139444444444445 0.030953124999999998 0.03698611111111111
0 0.9253984375 0.6892777777777778 0.035015625 0.05593055555555556
0 0.9878125000000001 0.6865694444444445 0.022820312500000002 0.06315277777777778
0 0.9842656249999999 0.6292777777777777 0.027914062499999996 0.046013888888888896
0 0.9330078125 0.6297361111111112 0.031968750000000004 0.054125
0 0.9817265624999999 0.5873333333333334 0.029945312499999998 0.03788888888888889
0 0.98984375 0.5147083333333333 0.018757812500000002 0.04240277777777778
0 0.9416953124999999 0.4894027777777778 0.0152421875 0.035541666666666666
0 0.9060625 0.46811111111111114 0.014453125 0.024638888888888887
0 0.9864375000000001 0.4740972222222223 0.0124765625 0.026041666666666668
0 0.97525 0.4971527777777778 0.011875 0.027805555555555556
0 0.9659453125 0.469875 0.015445312499999999 0.024638888888888887
0 0.95159375 0.4522777777777778 0.007718750000000001 0.02323611111111111
0 0.940015625 0.462125 0.0142578125 0.018305555555555554
0 0.9728749999999999 0.3966666666666667 0.012273437500000001 0.026041666666666668
0 0.9856484375000001 0.3845277777777778 0.013265625 0.02851388888888889
0 0.9369453125 0.358125 0.0160390625 0.017944444444444443
0 0.9295234375 0.4109166666666667 0.012671874999999999 0.021472222222222222
0 0.9159609375000001 0.41550000000000004 0.010890625 0.021472222222222222
0 0.9086328124999999 0.425 0.012078125 0.01725
0 0.8860625000000001 0.44945833333333335 0.011679687499999999 0.020416666666666666
0 0.8961640624999999 0.41233333333333333 0.012078125 0.024291666666666663
0 0.892890625 0.35847222222222225 0.0095 0.023583333333333335
0 0.8705234374999999 0.3804722222222222 0.0083125 0.01970833333333333
0 0.8700234375000001 0.4059861111111111 0.008117187500000001 0.016541666666666666
0 0.8649765625000001 0.41988888888888887 0.0110859375 0.021819444444444447
0 0.8735937500000001 0.45016666666666666 0.0104921875 0.024638888888888887
0 0.87596875 0.43168055555555557 0.011679687499999999 0.01161111111111111
0 0.922390625 0.57775 0.028109375 0.04680555555555556
0 0.9032890625000001 0.5474861111111111 0.022765625 0.03836111111111111
0 0.8667578125000001 0.573875 0.027718749999999997 0.04047222222222222
0 0.8581484375 0.5342777777777777 0.021578125 0.03661111111111111
0 0.8593359375 0.5117638888888889 0.0188046875 0.020416666666666666
0 0.8663671875000001 0.48518055555555556 0.016234375000000002 0.027805555555555556
0 0.7951875 0.5626111111111111 0.0199921875 0.04540277777777778
0 0.8097421875 0.5348055555555555 0.022171875 0.03695833333333333
0 0.80815625 0.5054166666666666 0.02178125 0.02745833333333333
0 0.823203125 0.49169444444444443 0.0146484375 0.02745833333333333
0 0.74084375 0.5666666666666667 0.0213828125 0.04645833333333334
0 0.6875859375 0.573 0.025734374999999997 0.03941666666666666
0 0.7149062500000001 0.5381527777777778 0.022171875 0.03941666666666666
0 0.760640625 0.5326944444444445 0.0170234375 0.04540277777777778
0 0.7636093749999999 0.5038333333333334 0.017421875 0.016541666666666666
0 0.76915625 0.48588888888888887 0.015046875000000001 0.027805555555555556
0 0.7421328125 0.4925694444444444 0.012867187499999998 0.03202777777777777
0 0.7235 0.5115833333333333 0.020390625000000002 0.02640277777777778
0 0.6713281249999999 0.5054166666666666 0.0162890625 0.034486111111111106
0 0.7114843750000001 0.4857083333333333 0.017421875 0.03168055555555555
0 0.7224765625 0.46969444444444447 0.012078125 0.02851388888888889
0 0.7305937499999999 0.43925 0.0104921875 0.026041666666666668
0 0.749796875 0.479375 0.012078125 0.025347222222222222
0 0.79909375 0.4475277777777778 0.012078125 0.022180555555555558
0 0.8169140625000001 0.4176111111111111 0.0093046875 0.016541666666666666
0 0.7873125 0.428875 0.009109375 0.020055555555555556
0 0.7457421875 0.4341527777777777 0.011484375 0.024291666666666663
0 0.8236015625 0.384 0.012273437500000001 0.019
0 0.8171640625000001 0.4000138888888889 0.0093046875 0.01865277777777778
0 0.8333046875000001 0.384875 0.007124999999999999 0.017944444444444443
0 0.82409375 0.36780555555555555 0.0093046875 0.00986111111111111
0 0.8059765625 0.3729027777777778 0.0110859375 0.01865277777777778
0 0.7964765625 0.403 0.010687499999999999 0.021819444444444447
0 0.79696875 0.3832916666666667 0.0104921875 0.015486111111111112
0 0.7870703125 0.36904166666666666 0.008515625 0.015833333333333335
0 0.78034375 0.38575000000000004 0.008906250000000001 0.021111111111111112
0 0.7683671875 0.37854166666666667 0.007523437500000001 0.013722222222222222
0 0.7366875 0.35725 0.012273437500000001 0.023930555555555556
0 0.7631484375 0.4292222222222222 0.010906250000000001 0.026111111111111113
0 0.7701640624999999 0.4130138888888889 0.0097890625 0.017402777777777777
0 0.611796875 0.5670416666666667 0.019 0.03958333333333333
0 0.6273828124999999 0.5274583333333334 0.018109375 0.034305555555555554
0 0.6088281249999999 0.5264027777777778 0.01840625 0.035361111111111114
0 0.559703125 0.5696805555555555 0.021671875 0.043805555555555556
0 0.5506484375 0.5298333333333334 0.01840625 0.036944444444444446
0 0.511609375 0.5696805555555555 0.027015624999999998 0.043805555555555556
0 0.461 0.5425 0.021968750000000002 0.03905555555555556
0 0.439328125 0.5654583333333333 0.021374999999999998 0.04486111111111111
0 0.42982812499999995 0.5377500000000001 0.01365625 0.038
0 0.4439296875 0.5147916666666666 0.013359375000000001 0.034305555555555554
0 0.41291406249999996 0.5076666666666666 0.01603125 0.029555555555555557
0 0.40638281249999997 0.5514722222222223 0.0249375 0.036944444444444446
0 0.40979687499999995 0.48180555555555554 0.011578125 0.017944444444444443
0 0.3813515625 0.46677777777777774 0.0162109375 0.029027777777777777
0 0.500625 0.5018611111111111 0.018703125 0.03272222222222222
0 0.5352109375 0.4965833333333334 0.01484375 0.03166666666666667
0 0.5640078125 0.49130555555555555 0.016625 0.03166666666666667
0 0.6307968749999999 0.48444444444444446 0.02078125 0.036944444444444446
0 0.65528125 0.4802222222222222 0.013953125 0.029555555555555557
0 0.6768046875 0.4464583333333333 0.010687499999999999 0.025333333333333333
0 0.6404453125 0.4512083333333333 0.012765625 0.0285
0 0.655578125 0.42719444444444443 0.009796875 0.022694444444444444
0 0.6670078125 0.40925000000000006 0.01128125 0.021638888888888888
0 0.6833359375 0.39790277777777777 0.010687499999999999 0.01688888888888889
0 0.6895703125 0.3820694444444444 0.0083125 0.01688888888888889
0 0.7115390625 0.3931527777777778 0.008906250000000001 0.021111111111111112
0 0.7198515624999999 0.3910416666666667 0.0059375 0.01688888888888889
0 0.7265234375 0.4095138888888889 0.010390625 0.0285
0 0.713765625 0.42851388888888886 0.011578125 0.025333333333333333
0 0.7035234375 0.4182222222222222 0.008906250000000001 0.017416666666666667
0 0.7008515625 0.44223611111111116 0.01009375 0.020055555555555556
0 0.6963984375 0.47600000000000003 0.01246875 0.02638888888888889
0 0.6808125 0.4256111111111111 0.009203125 0.017416666666666667
0 0.669234375 0.3823333333333333 0.008609374999999999 0.01952777777777778
0 0.6604765625 0.38972222222222225 0.01009375 0.017416666666666667
0 0.6511250000000001 0.3815416666666666 0.008609374999999999 0.017944444444444443
0 0.639109375 0.4166388888888889 0.008906250000000001 0.021638888888888888
0 0.62871875 0.4483055555555555 0.011875 0.025861111111111112
0 0.6134296875 0.4575416666666667 0.014546875 0.0285
0 0.6251562500000001 0.43194444444444446 0.011875 0.013194444444444444
0 0.620109375 0.414 0.0130625 0.01952777777777778
0 0.6174375000000001 0.3963194444444445 0.01009375 0.013722222222222222
0 0.621 0.37995833333333334 0.0083125 0.013722222222222222
0 0.6261953124999999 0.36491666666666667 0.009796875 0.01636111111111111
0 0.612390625 0.3699305555555556 0.008906250000000001 0.01688888888888889
0 0.6034843750000001 0.39526388888888886 0.01009375 0.01688888888888889
0 0.5960625 0.38075 0.0059375 0.01425
0 0.583 0.36201388888888886 0.0059375 0.021111111111111112
0 0.5757265625 0.3628055555555556 0.008015625 0.021638888888888888
0 0.5965078125 0.43854166666666666 0.010984375000000001 0.027444444444444445
0 0.5929453125 0.42323611111111115 0.009203125 0.017944444444444443
0 0.5841875 0.41954166666666665 0.007124999999999999 0.022166666666666668
0 0.57528125 0.42640277777777774 0.0095 0.022166666666666668
0 0.5595546875 0.4575416666666667 0.01365625 0.02322222222222222
0 0.533875 0.45622222222222225 0.013953125 0.027972222222222225
0 0.5574765625 0.4343194444444444 0.0130625 0.017944444444444443
0 0.57246875 0.39394444444444443 0.007421875 0.018472222222222223
0 0.5568828124999999 0.3944722222222222 0.01128125 0.020583333333333335
0 0.5601484375 0.3752083333333333 0.0083125 0.019
0 0.557921875 0.36201388888888886 0.009203125 0.015833333333333335
0 0.5374375 0.3786388888888889 0.008609374999999999 0.020583333333333335
0 0.5208125 0.3599027777777778 0.011578125 0.02427777777777778
0 0.4989921875 0.3575277777777778 0.010687499999999999 0.018472222222222223
0 0.5224453125 0.44197222222222227 0.01246875 0.018472222222222223
0 0.52675 0.4245555555555556 0.008015625 0.013194444444444444
0 0.5179921875 0.4150555555555555 0.0083125 0.022694444444444444
0 0.5087890625 0.392625 0.0095 0.021111111111111112
0 0.50834375 0.37573611111111105 0.010984375000000001 0.010555555555555556
0 0.49113281249999996 0.3910416666666667 0.009796875 0.019
0 0.490390625 0.41875 0.015437500000000002 0.02375
0 0.5052265625000001 0.4237638888888889 0.0083125 0.019
0 0.48920312499999996 0.46625 0.01603125 0.026916666666666665
0 0.4819296875 0.43827777777777777 0.013953125 0.025861111111111112
0 0.468125 0.4205972222222222 0.01009375 0.025333333333333333
0 0.44585937500000006 0.48154166666666665 0.01246875 0.025861111111111112
0 0.45461718749999996 0.46097222222222217 0.014546875 0.025861111111111112
0 0.45669531250000006 0.43722222222222223 0.013359375000000001 0.01636111111111111
0 0.458328125 0.40898611111111116 0.01009375 0.013722222222222222
0 0.4703515625 0.3847083333333333 0.010390625 0.022166666666666668
0 0.47836718749999996 0.3754722222222222 0.007421875 0.017416666666666667
0 0.43309375 0.37204166666666666 0.01009375 0.017944444444444443
0 0.4120234375 0.3696666666666667 0.01246875 0.025861111111111112
0 0.3864921875 0.35436111111111107 0.01128125 0.022694444444444444
0 0.3893125 0.3775833333333333 0.010984375000000001 0.020583333333333335
0 0.40578906249999996 0.39499999999999996 0.010687499999999999 0.01952777777777778
0 0.4368046875 0.39684722222222224 0.006828125 0.022166666666666668
0 0.4302734375 0.4118888888888889 0.010390625 0.029027777777777777
0 0.420921875 0.42481944444444447 0.0083125 0.021111111111111112
0 0.4117265625 0.4147916666666666 0.007718750000000001 0.021111111111111112
0 0.4090546875 0.43748611111111113 0.01246875 0.020055555555555556
0 0.41410156249999996 0.46149999999999997 0.014249999999999999 0.024805555555555556
0 0.39421093749999997 0.4430277777777778 0.01128125 0.025861111111111112
0 0.40178125 0.4184861111111111 0.010390625 0.01688888888888889
0 0.3879765625 0.4010694444444444 0.010687499999999999 0.015833333333333335
0 0.35903125 0.3773194444444445 0.010390625 0.02322222222222222
0 0.3707578125 0.4081944444444444 0.01246875 0.027972222222222225
0 0.36378125 0.5678333333333333 0.022859375 0.04116666666666667
0 0.3481953125 0.3504027777777778 0.008906250000000001 0.017944444444444443
0 0.33781249999999996 0.3588472222222222 0.01009375 0.01688888888888889
0 0.33840625 0.3773194444444445 0.0083125 0.017944444444444443
0 0.349828125 0.3857638888888889 0.008609374999999999 0.02322222222222222
0 0.3461171875 0.40581944444444445 0.01128125 0.021111111111111112
0 0.32415625000000003 0.3839166666666667 0.01009375 0.024805555555555556
0 0.3127265625 0.4074027777777778 0.009203125 0.02322222222222222
0 0.3335078125 0.4219166666666666 0.010984375000000001 0.026916666666666665
0 0.353984375 0.4332638888888889 0.011578125 0.02322222222222222
0 0.2998125 0.4147916666666666 0.0130625 0.03377777777777778
0 0.3136171875 0.4327361111111111 0.015734375000000002 0.03166666666666667
0 0.32356250000000003 0.47179166666666666 0.016625 0.036944444444444446
0 0.3525 0.47705555555555557 0.017515625 0.03166666666666667
0 0.354578125 0.4538472222222222 0.016921875 0.015833333333333335
0 0.2955078125 0.46149999999999997 0.015140625 0.024805555555555556
0 0.2879375 0.4427638888888889 0.01128125 0.015833333333333335
0 0.2806640625 0.47047222222222224 0.015734375000000002 0.03325
0 0.30485937500000004 0.5074027777777778 0.016625 0.03219444444444444
0 0.3237109375 0.5298333333333334 0.019890625000000002 0.038
0 0.3201484375 0.5707361111111111 0.022859375 0.04591666666666667
0 0.290015625 0.5340555555555555 0.01603125 0.03905555555555556
0 0.259 0.561763888888889 0.019890625000000002 0.03958333333333333
0 0.26063281250000003 0.506875 0.015437500000000002 0.03219444444444444
0 0.2702734375 0.4657222222222222 0.008609374999999999 0.027972222222222225
0 0.244453125 0.4789027777777778 0.015140625 0.022694444444444444
0 0.2356953125 0.5335277777777777 0.021374999999999998 0.04116666666666667
0 0.2047421875 0.5527916666666667 0.0280625 0.03325
0 0.22840625 0.47390277777777773 0.016625 0.027444444444444445
0 0.1277890625 0.5715277777777777 0.027609375000000002 0.050666666666666665
0 0.14753125 0.559125 0.017218749999999998 0.03641666666666667
0 0.0111328125 0.52825 0.022265625 0.038
0 0.028499999999999998 0.49526388888888884 0.019 0.03852777777777778
0 0.06396874999999999 0.4942083333333333 0.018109375 0.03958333333333333
0 0.1165078125 0.4791666666666667 0.018703125 0.03061111111111111
0 0.045859375 0.48391666666666666 0.012765625 0.027444444444444445
0 0.015140625 0.47652777777777783 0.011875 0.01688888888888889
0 0.009796875 0.452 0.01603125 0.02375
0 0.0442265625 0.4395972222222222 0.01246875 0.022166666666666668
0 0.06411718749999999 0.43854166666666666 0.01128125 0.02427777777777778
0 0.07584375 0.4406527777777777 0.012171875 0.019
0 0.0762890625 0.45490277777777777 0.01365625 0.015833333333333335
0 0.048234375 0.46308333333333335 0.015734375000000002 0.017416666666666667
0 0.0837109375 0.33484722222222224 0.01128125 0.024805555555555556
0 0.09721874999999999 0.3424861111111111 0.009796875 0.021111111111111112
0 0.12244531249999999 0.3409027777777778 0.010390625 0.022166666666666668
0 0.1131015625 0.4522638888888889 0.01246875 0.021111111111111112
0 0.1414453125 0.45358333333333334 0.016328125 0.024805555555555556
0 0.1120625 0.43405555555555553 0.013359375000000001 0.015305555555555555
0 0.1209609375 0.43062500000000004 0.008015625 0.01688888888888889
0 0.1381796875 0.39763888888888893 0.009203125 0.021638888888888888
0 0.1421875 0.36465277777777777 0.01128125 0.020055555555555556
0 0.15628906250000002 0.3746805555555555 0.010390625 0.02322222222222222
0 0.1699453125 0.3699305555555556 0.008015625 0.015833333333333335
0 0.1515390625 0.4343194444444444 0.010984375000000001 0.02322222222222222
0 0.1714296875 0.440125 0.011578125 0.02427777777777778
0 0.14456249999999998 0.42323611111111115 0.00653125 0.020055555555555556
0 0.1770703125 0.42244444444444446 0.011578125 0.015305555555555555
0 0.2024453125 0.4208611111111111 0.01246875 0.024805555555555556
0 0.1935390625 0.4087222222222222 0.008906250000000001 0.017416666666666667
0 0.17083593749999998 0.4079305555555555 0.009203125 0.019
0 0.1925 0.3857638888888889 0.010984375000000001 0.022166666666666668
0 0.202 0.3802222222222222 0.008609374999999999 0.021638888888888888
0 0.21135156249999998 0.35647222222222225 0.008906250000000001 0.021638888888888888
0 0.227828125 0.35647222222222225 0.008609374999999999 0.01952777777777778
0 0.21535937500000002 0.3844444444444445 0.010390625 0.018472222222222223
0 0.21669531250000001 0.4066111111111111 0.0130625 0.022694444444444444
0 0.23302343749999999 0.4026527777777778 0.01128125 0.022166666666666668
0 0.235546875 0.37916666666666665 0.010390625 0.021638888888888888
0 0.261078125 0.3744166666666666 0.009796875 0.020583333333333335
0 0.25944531249999997 0.3527777777777778 0.008906250000000001 0.017416666666666667
0 0.2747265625 0.3599027777777778 0.012765625 0.020055555555555556