0 0.9432312500000001 0.8041666666666667 0.1135375 0.21944166666666665
0 0.72760625 0.646525 0.078125 0.14305833333333332
0 0.33020625000000003 0.6694416666666667 0.09166875 0.18055833333333332
0 0.30885625 0.5645833333333333 0.065625 0.0625
0 0.15676875 0.4930583333333333 0.05104375 0.1
0 0.06145625 0.48402500000000004 0.06458124999999999 0.07360833333333333
0 0.05885625 0.42639166666666667 0.03854375 0.041666666666666664
0 0.040625 0.3958333333333333 0.0375 0.047225
0 0.10573125 0.3854166666666667 0.028125 0.04583333333333333
0 0.1859375 0.4388916666666666 0.034375 0.041666666666666664
0 0.25520624999999997 0.45972499999999994 0.041668750000000004 0.06666666666666667
0 0.35416875 0.459025 0.04375 0.07639166666666666
0 0.465625 0.5361083333333334 0.052081249999999996 0.08333333333333333
0 0.59948125 0.48333333333333334 0.046875 0.1
0 0.80625 0.5638916666666667 0.05416875 0.11666666666666667
0 0.87135625 0.4979166666666667 0.065625 0.09583333333333334
0 0.90973125 0.46705833333333335 0.0474625 0.07976666666666667
0 0.9445874999999999 0.423225 0.04400625 0.07251666666666666
0 0.839275 0.4100416666666667 0.03609375 0.06459999999999999
0 0.7463249999999999 0.441025 0.037081249999999996 0.06855833333333333
0 0.69738125 0.45124166666666665 0.0341125 0.05471666666666666
0 0.67785 0.4261916666666667 0.028675000000000003 0.046808333333333334
0 0.6373062500000001 0.43047500000000005 0.037575 0.05405833333333334
0 0.53669375 0.4558583333333333 0.03905625 0.073175
0 0.50109375 0.4186083333333333 0.02719375 0.052741666666666666
0 0.46698124999999996 0.46145833333333336 0.03806875 0.05405833333333334
0 0.47785625000000004 0.41992500000000005 0.024225 0.029008333333333334
0 0.18763125 0.39849999999999997 0.0301625 0.03625833333333333
0 0.22298125 0.3869666666666667 0.0356 0.0501
0 0.35 0.4 0.03541875 0.030558333333333333