0 0.6658774834437086 0.4773730684326711 0.07140728476821193 0.11589403973509933
0 0.5670529801324503 0.4980794701986755 0.057947019867549666 0.1076158940397351
0 0.5515397350993377 0.3621633554083885 0.04346026490066225 0.08417218543046358
0 0.5820529801324503 0.2414569536423841 0.048642384105960265 0.0717439293598234
0 0.5691225165562914 0.16072847682119207 0.037251655629139076 0.06209713024282561
0 0.502384105960265 0.2545474613686534 0.040364238410596026 0.07313465783664459
0 0.4780629139072848 0.4911699779249448 0.06001655629139073 0.12969094922737306
0 0.3963245033112583 0.3428476821192053 0.057947019867549666 0.08969094922737307
0 0.26387417218543047 0.3525165562913907 0.057947019867549666 0.09520971302428256
0 0.25920529801324504 0.48357615894039735 0.0672682119205298 0.11452538631346579
0 0.1541887417218543 0.4973730684326711 0.06001655629139073 0.10072847682119206
0 0.44392384105960264 0.17176600441501105 0.031043046357615893 0.05381898454746137
0 0.35079470198675494 0.18280353200883004 0.03932119205298013 0.05381898454746137
0 0.38235099337748346 0.12969094922737306 0.030000000000000002 0.05518763796909492
0 0.4408112582781457 0.12280353200883003 0.033112582781456956 0.03863134657836645
0 0.403046357615894 0.0517439293598234 0.027947019867549668 0.048300220750551875
0 0.47392384105960267 0.07933774834437085 0.024834437086092714 0.020706401766004415
0 0.09468543046357615 0.04690949227373068 0.027947019867549668 0.024834437086092714
0 0.9827152317880794 0.19039735099337748 0.03456953642384106 0.057947019867549666
0 0.9884105960264901 0.11381898454746138 0.023178807947019868 0.05381898454746137
0 0.9524999999999999 0.06139072847682119 0.03415562913907284 0.048300220750551875
0 0.8821357615894039 0.11865342163355408 0.030016556291390727 0.052428256070640174
0 0.8650662251655629 0.08554083885209714 0.018625827814569538 0.0358719646799117
0 0.8392052980132451 0.03498896247240618 0.022102649006622517 0.040507726269315675
0 0.8853311258278146 0.03240618101545254 0.020447019867549668 0.04125827814569537
0 0.8687582781456954 0.01693156732891832 0.014917218543046357 0.033885209713024285
0 0.5856125827814569 0.013620309050772626 0.02099337748344371 0.025783664459161148
0 0.8358940397350993 0.006622516556291391 0.02099337748344371 0.013267108167770419
0 0.15385761589403973 0.025783664459161148 0.02486754966887417 0.02947019867549669
0 0.21269867549668875 0.007373068432671081 0.018791390728476822 0.014724061810154525
0 0.09889072847682119 0.019514348785871966 0.023211920529801325 0.025783664459161148
0 0.008841059602649007 0.061501103752759384 0.017682119205298014 0.021368653421633552
0 0.5190397350993378 0.006997792494481236 0.018228476821192052 0.013995584988962473