0 0.50286 0.8573547094188376 0.26476 0.2832765531062124
0 0.3195266666666667 0.730751503006012 0.13238 0.22187374749498998
0 0.059046666666666664 0.7035470941883767 0.11809333333333333 0.2132865731462926
0 0.6566666666666666 0.745060120240481 0.15904666666666667 0.31920841683366735
0 0.8980933333333334 0.34354709418837676 0.11619333333333333 0.25193386773547094
0 0.79286 0.4093887775551102 0.09619333333333333 0.2147194388777555
0 0.6885733333333333 0.49312625250501 0.13904666666666665 0.19896793587174347
0 0.5104733333333333 0.40223446893787573 0.11809333333333333 0.18894789579158316
0 0.65286 0.2691082164328657 0.09809333333333332 0.18322645290581163
0 0.7938066666666667 0.0815931863727455 0.07333333333333333 0.15173346693386774
0 0.94 0.14314629258517036 0.07428666666666667 0.13741482965931862
0 0.6185733333333333 0.1510120240480962 0.09237999999999999 0.09018036072144289
0 0.5390466666666667 0.2533667334669339 0.08952666666666666 0.1316933867735471
0 0.43809333333333333 0.22473947895791582 0.08380666666666667 0.12882765531062124
0 0.36190666666666665 0.2970240480961924 0.07809333333333333 0.14743486973947895
0 0.21571333333333334 0.43801603206412826 0.1 0.1545991983967936
0 0.10857333333333334 0.45447895791583165 0.10666666666666667 0.17034068136272545
0 0.057139999999999996 0.37504008016032064 0.07047333333333333 0.1231062124248497
0 0.08238 0.288436873747495 0.06762 0.07300601202404809
0 0.019046666666666667 0.2283166332665331 0.03809333333333333 0.11308617234468937
0 0.21047333333333332 0.183937875751503 0.059046666666666664 0.11594188376753506
0 0.17952666666666667 0.12238476953907816 0.05428666666666667 0.07014028056112225
0 0.38761999999999996 0.125250501002004 0.06666666666666667 0.11308617234468937
0 0.33714 0.1066432865731463 0.036193333333333334 0.09876753507014027
0 0.39666666666666667 0.0336372745490982 0.05428666666666667 0.06441883767535071
0 0.4995266666666666 0.055821643286573144 0.07524 0.11165330661322646
0 0.6219066666666667 0.07729458917835672 0.06476 0.05439879759519038
0 0.56238 0.03006012024048096 0.04476 0.06012024048096192