0 0.895625 0.205 0.01625 0.02666666666666667
0 0.975625 0.21333333333333335 0.01625 0.023333333333333334
0 0.46789 0.2275 0.012029999999999999 0.024583333333333332
0 0.491875 0.23051999999999997 0.01125 0.02229333333333333
0 0.5425774999999999 0.23426999999999998 0.0123425 0.02145666666666667
0 0.18029 0.21162999999999998 0.0117225 0.021883333333333334
0 0.22835249999999999 0.21819333333333335 0.013130000000000001 0.021256666666666667
0 0.25719 0.2188166666666667 0.0135975 0.012503333333333333
0 0.2942325 0.22163 0.01266 0.01188
0 0.17278749999999998 0.22788333333333333 0.019225000000000003 0.024383333333333337
0 0.21241 0.22725666666666666 0.013130000000000001 0.024383333333333337
0 0.257425 0.23382333333333336 0.015942500000000002 0.021256666666666667
0 0.284385 0.23882333333333333 0.0135975 0.021256666666666667
0 0.2916525 0.23382333333333336 0.009377499999999999 0.017506666666666667
0 0.31041 0.24163666666666667 0.0140675 0.01938
0 0.3172075 0.25883 0.0135975 0.022506666666666664
0 0.257425 0.24882666666666667 0.0140675 0.015003333333333332
0 0.16833250000000002 0.25508000000000003 0.018754999999999997 0.02751
0 0.20819 0.26789666666666667 0.015942500000000002 0.024383333333333337
0 0.23585499999999998 0.27102333333333334 0.0140675 0.028133333333333337
0 0.250155 0.27790000000000004 0.0164125 0.025633333333333334
0 0.2625825 0.26758333333333334 0.0140675 0.022506666666666664
0 0.2853225 0.27477333333333337 0.0154725 0.025633333333333334
0 0.3261175 0.2897766666666667 0.0201625 0.025633333333333334
0 0.1938875 0.28290000000000004 0.0135975 0.023133333333333336
0 0.16317500000000001 0.2847766666666667 0.01688 0.024383333333333337
0 0.12543 0.27196 0.0211 0.023756666666666666
0 0.1266025 0.29790666666666665 0.0243825 0.03313666666666667
0 0.16552 0.3085333333333333 0.015005000000000001 0.023133333333333336
0 0.18099500000000002 0.31478666666666666 0.02157 0.036886666666666665
0 0.21592750000000002 0.30228 0.0182875 0.030633333333333335
0 0.08745 0.33135333333333333 0.019225000000000003 0.03376
0 0.1226175 0.3451066666666667 0.0239125 0.02751
0 0.2534375 0.33385333333333334 0.02579 0.03251
0 0.2815725 0.33104 0.0182875 0.03438666666666666
0 0.31416000000000005 0.32729 0.0178175 0.030633333333333335
0 0.29469999999999996 0.35042 0.022975000000000002 0.035636666666666664
0 0.18005500000000002 0.3604233333333333 0.023445 0.035636666666666664
0 0.222725 0.3607366666666667 0.030010000000000002 0.03501
0 0.154735 0.38387 0.030010000000000002 0.04126333333333333
0 0.21827000000000002 0.39011999999999997 0.02954 0.042513333333333334
0 0.30197 0.38887 0.023445 0.04001333333333334
0 0.3425275 0.43232333333333334 0.030477499999999998 0.04563999999999999
0 0.2881375 0.44732666666666665 0.032354999999999995 0.04439
0 0.22249000000000002 0.4485766666666667 0.036105 0.04563999999999999
0 0.099875 0.45076666666666665 0.0290725 0.04626333333333333
0 0.0117225 0.4492033333333333 0.023445 0.05064
0 0.314395 0.5292266666666667 0.036105 0.055643333333333336
0 0.4942175 0.4166933333333333 0.0346975 0.06564666666666667
0 0.22132 0.5457933333333334 0.038450000000000005 0.06377000000000001
0 0.1662225 0.5339166666666667 0.044545 0.060020000000000004
0 0.0912 0.54173 0.0482975 0.05689333333333334
0 0.005860000000000001 0.5526733333333333 0.0117225 0.05626666666666667
0 0.4173175 0.24945333333333333 0.0121925 0.017506666666666667
0 0.4494375 0.24757666666666667 0.0098475 0.022506666666666664
0 0.4639725 0.25226666666666664 0.0117225 0.01813
0 0.50336 0.25070333333333333 0.00891 0.017506666666666667
0 0.511565 0.25914333333333334 0.010315 0.01938
0 0.524695 0.25226666666666664 0.0121925 0.02063
0 0.5434500000000001 0.25758 0.0140675 0.021256666666666667
0 0.6060475 0.24414 0.0117225 0.021883333333333334
0 0.631135 0.2553933333333333 0.0121925 0.02063
0 0.6543450000000001 0.2582066666666667 0.0117225 0.022506666666666664
0 0.6927949999999999 0.26976999999999995 0.0154725 0.023133333333333336
0 0.6107374999999999 0.2644566666666667 0.010785 0.022506666666666664
0 0.5854175 0.27727333333333337 0.014535 0.021883333333333334
0 0.475695 0.26821 0.0135975 0.025006666666666667
0 0.5024225 0.27321 0.0117225 0.022506666666666664
0 0.5148475 0.28665333333333337 0.0140675 0.025633333333333334
0 0.5293825000000001 0.2788366666666667 0.013130000000000001 0.022506666666666664
0 0.465145 0.29196666666666665 0.015005000000000001 0.023756666666666666
0 0.481555 0.29790666666666665 0.0121925 0.026883333333333335
0 0.4918725 0.30978333333333335 0.015942500000000002 0.025633333333333334
0 0.520005 0.3066566666666667 0.015005000000000001 0.03313666666666667
0 0.552125 0.31009666666666663 0.01735 0.03126
0 0.6018275 0.3038433333333333 0.014535 0.022506666666666664
0 0.6212875 0.29353 0.0112525 0.025633333333333334
0 0.6426225 0.27915 0.0164125 0.01813
0 0.7131900000000001 0.2941533333333333 0.013130000000000001 0.026883333333333335
0 0.7267899999999999 0.30634666666666666 0.015942500000000002 0.02876
0 0.660205 0.2950933333333333 0.0112525 0.025006666666666667
0 0.6475449999999999 0.29446666666666665 0.0112525 0.023756666666666666
0 0.64309 0.31384666666666666 0.01735 0.018756666666666668
0 0.6721625 0.31228333333333336 0.0182875 0.029383333333333334
0 0.6956074999999999 0.30916 0.0154725 0.025633333333333334
0 0.6039375 0.32947666666666664 0.0178175 0.02876
0 0.5087525 0.35917333333333334 0.0243825 0.03313666666666667
0 0.5443875 0.3601133333333333 0.023445 0.03251
0 0.5387625 0.3873066666666667 0.02532 0.04063666666666667
0 0.594795 0.3907466666666667 0.022975000000000002 0.037513333333333336
0 0.6022975 0.3629266666666667 0.0201625 0.03313666666666667
0 0.621755 0.3857466666666667 0.023445 0.037513333333333336
0 0.68412 0.3569866666666667 0.02532 0.03626
0 0.7167074999999999 0.3607366666666667 0.019225000000000003 0.03376
0 0.641215 0.4392 0.0351675 0.04188666666666666
0 0.7270225 0.4510766666666667 0.02954 0.035636666666666664
0 0.95936 0.3763666666666666 0.019692499999999998 0.037513333333333336
0 0.95514 0.28540000000000004 0.019692499999999998 0.029383333333333334
0 0.8252575000000001 0.24226333333333333 0.0121925 0.021883333333333334
0 0.996755 0.22061666666666668 0.0064875 0.018283333333333335
0 0.982765 0.23222666666666664 0.016305 0.02273
0 0.9786900000000001 0.25149666666666665 0.016305 0.023716666666666667
0 0.9518225 0.23494333333333334 0.015935 0.022233333333333334
0 0.943855 0.25421333333333335 0.0118575 0.023223333333333335
0 0.9251425000000001 0.24507333333333334 0.012230000000000001 0.020753333333333332
0 0.8949400000000001 0.23296999999999998 0.0140825 0.026186666666666667
0 0.8749275 0.24384 0.0126 0.025199999999999997
0 0.859735 0.23865000000000003 0.01334 0.023716666666666667
0 0.8345349999999999 0.25471 0.0140825 0.019270000000000002
0 0.82064 0.26755666666666666 0.0137125 0.021246666666666667
0 0.8085950000000001 0.2576733333333333 0.0126 0.022233333333333334
0 0.995645 0.36193 0.00871 0.02421
0 0.8912325 0.29967333333333335 0.0170475 0.03310333333333333
0 0.8617725 0.2700266666666667 0.0174175 0.025199999999999997
0 0.8295325 0.31004666666666664 0.0137125 0.025199999999999997