0 0.29204 0.38919729932483116 0.010205 0.015026256564141036
0 0.314475 0.3941035258814704 0.0061600000000000005 0.010405101275318828
0 0.321695 0.39381845461365345 0.00674 0.011560390097524381
0 0.334695 0.3959864966241561 0.007705 0.013000750187546886
0 0.318615 0.3709902475618905 0.00751 0.013293323330832708
0 0.32757 0.36882220555138784 0.006934999999999999 0.013000750187546886
0 0.337005 0.37229557389347334 0.00732 0.01126781695423856
0 0.34941 0.38033758439609905 0.00926 0.011665416354088522
0 0.337655 0.34644411102775696 0.00611 0.012783195798949737
0 0.348765 0.34936234058514626 0.0075899999999999995 0.013060765191297825
0 0.362005 0.3504726181545386 0.007775000000000001 0.011387846961740436
0 0.37977999999999995 0.3732558139534884 0.008145 0.013060765191297825
0 0.395705 0.35435858964741185 0.00852 0.015836459114778694
0 0.379965 0.35686421605401347 0.006295 0.011387846961740436
0 0.37422500000000003 0.35172543135783946 0.005555 0.011665416354088522
0 0.36589 0.3293548387096774 0.005555 0.012505626406601652
0 0.372745 0.3304726181545386 0.0051849999999999995 0.012505626406601652
0 0.38737 0.32907726931732934 0.004815000000000001 0.014171042760690172
0 0.39338999999999996 0.3310277569392348 0.00574 0.013615903975993998
0 0.391075 0.3111627906976744 0.006665 0.015558889722430606
0 0.398575 0.3157464366091523 0.00722 0.011942985746436608
0 0.409685 0.3294973743435859 0.00352 0.011665416354088522
0 0.413205 0.33060765191297825 0.00426 0.012783195798949737
0 0.41551499999999997 0.31129782445611404 0.006295 0.010832708177044261
0 0.424685 0.3133833458364591 0.0064800000000000005 0.012783195798949737
0 0.43977499999999997 0.30824456114028503 0.004815000000000001 0.013615903975993998
0 0.445235 0.31477119279819954 0.00574 0.012783195798949737
0 0.45496 0.3158814703675919 0.008145 0.011665416354088522
0 0.464955 0.3139384846211553 0.006665 0.01111027756939235
0 0.431995 0.28490622655663916 0.005555 0.009722430607651914
0 0.444035 0.28420855213803453 0.004445 0.010555138784696175
0 0.449125 0.28726931732933236 0.00537 0.011665416354088522
0 0.45653 0.2897674418604651 0.00537 0.009444861215303826
0 0.46181 0.29018754688672166 0.004815000000000001 0.009722430607651914
0 0.47837999999999997 0.2865716429107277 0.00611 0.011387846961740436
0 0.4894 0.2904651162790698 0.0070350000000000005 0.010277569392348087
0 0.36756 0.4186796699174794 0.009630000000000001 0.015003750937734433
0 0.395705 0.3940885221305327 0.00852 0.013615903975993998
0 0.43135 0.3740885221305327 0.012775 0.013060765191297825
0 0.431255 0.38728432108027006 0.009630000000000001 0.013338334583645913
0 0.429405 0.4086721680420105 0.01111 0.017779444861215302
0 0.42958999999999997 0.4299324831207802 0.01148 0.020277569392348087
0 0.419405 0.42326331582895727 0.007405 0.015281320330082521
0 0.41208999999999996 0.43867966991747936 0.010185000000000001 0.020555138784696173
0 0.42348 0.4496549137284321 0.01222 0.02084021005251313
0 0.412185 0.49382595648912225 0.019254999999999998 0.026946736684171045
0 0.456345 0.42020255063765943 0.009445 0.020277569392348087
0 0.46394 0.40923480870217555 0.009445 0.02
0 0.479585 0.39964741185296326 0.009630000000000001 0.02084021005251313
0 0.453015 0.4011777944486121 0.009814999999999999 0.011665416354088522
0 0.466995 0.38992498124531133 0.010369999999999999 0.014171042760690172
0 0.466715 0.3782520630157539 0.011295 0.00916729182295574
0 0.476995 0.37603150787696926 0.01259 0.01639159789947487
0 0.4694 0.3595048762190548 0.01333 0.01444861215303826
0 0.46653 0.3481095273818454 0.00796 0.006669167291822957
0 0.4657 0.3421380345086272 0.008145 0.005836459114778695
0 0.36014999999999997 0.42534883720930233 0.005925 0.012220555138784695
0 0.355525 0.4302100525131283 0.010369999999999999 0.010277569392348087
0 0.35635500000000003 0.44117779444861216 0.00796 0.011665416354088522
0 0.34691500000000003 0.44243060765191294 0.010555 0.014171042760690172
0 0.33432 0.45534883720930236 0.013890000000000001 0.012783195798949737
0 0.34173000000000003 0.47423855963990996 0.010925 0.015558889722430606
0 0.33256 0.46660165041260315 0.009630000000000001 0.009722430607651914
0 0.331915 0.47854463615903975 0.012775 0.011387846961740436
0 0.332005 0.4939684921230308 0.012960000000000001 0.019444861215303828
0 0.50625 0.28865716429107274 0.0051849999999999995 0.008889722430607651
0 0.514025 0.2897674418604651 0.006295 0.009444861215303826
0 0.546985 0.28115528882220553 0.008145 0.011665416354088522
0 0.55291 0.27101275318829704 0.006665 0.00916729182295574
0 0.5445800000000001 0.2700450112528132 0.005925 0.008889722430607651
0 0.531435 0.27101275318829704 0.0070350000000000005 0.009722430607651914
0 0.5231950000000001 0.27143285821455365 0.00537 0.01
0 0.509305 0.2703225806451613 0.0064800000000000005 0.008889722430607651
0 0.49236 0.27379594898724685 0.0051849999999999995 0.009722430607651914
0 0.48014 0.27407351837959487 0.006295 0.00805701425356339
0 0.470235 0.2717104276069017 0.00611 0.009444861215303826
0 0.45560500000000004 0.27156789197299325 0.0075899999999999995 0.012505626406601652
0 0.46431 0.2542085521380345 0.005 0.013338334583645913
0 0.47644 0.25309827456864215 0.0051849999999999995 0.01
0 0.48551 0.2547636909227307 0.0070350000000000005 0.01
0 0.482735 0.24378844711177797 0.004815000000000001 0.00916729182295574
0 0.48986 0.24101275318829707 0.00574 0.00916729182295574
0 0.501435 0.2403150787696924 0.006295 0.009444861215303826
0 0.5015299999999999 0.2582370592648162 0.006849999999999999 0.011387846961740436
0 0.51338 0.2403150787696924 0.00537 0.010555138784696175
0 0.5231 0.2393398349587397 0.005925 0.011942985746436608
0 0.53134 0.2390622655663916 0.00574 0.010832708177044261
0 0.5502250000000001 0.23462115528882221 0.00611 0.010832708177044261
0 0.564115 0.23698424606151536 0.0064800000000000005 0.01111027756939235
0 0.573835 0.23336834208552137 0.0070350000000000005 0.010555138784696175
0 0.60124 0.23739684921230306 0.007775000000000001 0.010277569392348087
0 0.58393 0.2517029257314328 0.00611 0.01111027756939235
0 0.571245 0.2517029257314328 0.007775000000000001 0.01
0 0.558465 0.2542085521380345 0.005925 0.01111027756939235
0 0.5479149999999999 0.25462115528882223 0.006665 0.011942985746436608
0 0.525415 0.2575393848462116 0.006849999999999999 0.011665416354088522
0 0.51412 0.2560090022505626 0.0075899999999999995 0.010832708177044261
0 0.5128250000000001 0.31643660915228805 0.008335 0.008889722430607651
0 0.5228200000000001 0.40353338334583644 0.013515000000000001 0.02417104276069017
0 0.542265 0.37575393848462113 0.012035 0.021950487621905476
0 0.5795750000000001 0.32546886721680424 0.01259 0.018612153038259565
0 0.526895 0.3675618904726181 0.010555 0.01722430607651913
0 0.50949 0.36381095273818453 0.010925 0.015836459114778694
0 0.507085 0.3438034508627157 0.011664999999999998 0.014726181545386345
0 0.51412 0.3301875468867217 0.0075899999999999995 0.012505626406601652
0 0.5083799999999999 0.327966991747937 0.005 0.011942985746436608
0 0.522265 0.3564441110277569 0.008335 0.015558889722430606
0 0.521525 0.387006751687922 0.015 0.009444861215303826
0 0.51875 0.3775618904726182 0.011295 0.009444861215303826
0 0.502085 0.3345011252813203 0.006849999999999999 0.007779444861215303
0 0.6209600000000001 0.3274118529632408 0.013145 0.015836459114778694
0 0.62133 0.3139384846211553 0.009445 0.008334583645911477
0 0.6095750000000001 0.32033008252063017 0.007775000000000001 0.017779444861215302
0 0.5999450000000001 0.31310577644411103 0.008145 0.01611402850712678
0 0.5906849999999999 0.30602400600150037 0.00926 0.012505626406601652
0 0.58726 0.2871267816954239 0.00574 0.013060765191297825
0 0.5978150000000001 0.2949062265566392 0.009814999999999999 0.011387846961740436
0 0.592355 0.2896324081020255 0.005925 0.008612153038259565
0 0.6095750000000001 0.27129032258064517 0.004815000000000001 0.00916729182295574
0 0.62161 0.27587396849212303 0.00889 0.013338334583645913
0 0.615035 0.28337584396099025 0.0064800000000000005 0.008334583645911477
0 0.613185 0.27296324081020257 0.00611 0.008612153038259565
0 0.61837 0.2660165041260315 0.00796 0.004171042760690172
0 0.63624 0.25545386346586646 0.007405 0.013060765191297825
0 0.63198 0.2829632408102026 0.007405 0.01639159789947487
0 0.6392 0.28935483870967743 0.0070350000000000005 0.016946736684171043
0 0.64642 0.28171042760690174 0.006665 0.012783195798949737
0 0.6460499999999999 0.29684921230307576 0.00889 0.013615903975993998
0 0.655405 0.2897674418604651 0.010925 0.01
0 0.644385 0.2550412603150788 0.0051849999999999995 0.012783195798949737
0 0.65244 0.2567066766691673 0.00611 0.010555138784696175
0 0.661515 0.2599024756189047 0.00611 0.014726181545386345
0 0.66707 0.260735183795949 0.00611 0.013060765191297825
0 0.6728999999999999 0.2642085521380345 0.007405 0.015003750937734433
0 0.669385 0.2343435858964741 0.0051849999999999995 0.011942985746436608
0 0.6754 0.23295573893473367 0.0064800000000000005 0.013615903975993998
0 0.683085 0.2350337584396099 0.00852 0.01611402850712678
0 0.6979 0.2233683420855214 0.007405 0.007779444861215303
0 0.7016950000000001 0.2136459114778695 0.005 0.008334583645911477
0 0.708825 0.21336834208552138 0.007405 0.009444861215303826
0 0.721325 0.21239309827456865 0.008705000000000001 0.012505626406601652
0 0.74521 0.19433608402100527 0.00611 0.013615903975993998
0 0.7517849999999999 0.1939159789947487 0.008145 0.016669167291822953
0 0.75928 0.19280570142535633 0.0075899999999999995 0.01444861215303826
0 0.7653 0.1926706676669167 0.007775000000000001 0.01639159789947487
0 0.77391 0.19378094523630907 0.010185000000000001 0.015281320330082521
0 0.7463200000000001 0.21614403600900225 0.00463 0.012220555138784695
0 0.752895 0.21531132783195797 0.00926 0.01722430607651913
0 0.7616900000000001 0.2185071267816954 0.00796 0.014726181545386345
0 0.770205 0.2187846961740435 0.010185000000000001 0.019167291822955738
0 0.795855 0.1929482370592648 0.00926 0.015836459114778694
0 0.80502 0.1914178544636159 0.009814999999999999 0.019444861215303828
0 0.82798 0.18780945236309077 0.012035 0.01833458364591148
0 0.83881 0.21767441860465117 0.014445 0.021395348837209303
0 0.83696 0.25740435108777193 0.015925 0.024726181545386347
0 0.788355 0.2562940735183796 0.012775 0.018612153038259565
0 0.780115 0.24559639909977493 0.01259 0.015003750937734433
0 0.7694650000000001 0.24476369092273068 0.011295 0.019444861215303828
0 0.75854 0.24156789197299325 0.009075 0.017501875468867216
0 0.70984 0.24073518379594896 0.008335 0.012505626406601652
0 0.70188 0.23767441860465116 0.0075899999999999995 0.011387846961740436
0 0.6845650000000001 0.2608777194298575 0.007405 0.013893473368342086
0 0.69299 0.26753938484621154 0.0075899999999999995 0.015558889722430606
0 0.695585 0.2562940735183796 0.009075 0.00805701425356339
0 0.699105 0.26948987246811706 0.00537 0.011665416354088522
0 0.7050299999999999 0.2699024756189047 0.009075 0.015281320330082521
0 0.7130850000000001 0.27129032258064517 0.00926 0.016946736684171043
0 0.723545 0.2806001500375094 0.011664999999999998 0.02167291822955739
0 0.73882 0.2718454613653413 0.00852 0.021950487621905476
0 0.74697 0.27740435108777195 0.01148 0.019167291822955738
0 0.7644650000000001 0.27906976744186046 0.01426 0.023615903975993998
0 0.780485 0.2854613653413353 0.015925 0.023615903975993998
0 0.8053899999999999 0.29351837959489874 0.01648 0.028612153038259567
0 0.83057 0.3017179294823706 0.018699999999999998 0.02833458364591148
0 0.82798 0.35088522130532634 0.0287 0.043338334583645916
0 0.74123 0.3447786946736684 0.018885000000000002 0.030562640660165043
0 0.7209500000000001 0.32116279069767445 0.01463 0.026669167291822955
0 0.6977150000000001 0.3115753938484621 0.014074999999999999 0.02250562640660165
0 0.6814199999999999 0.3083795948987247 0.01259 0.02
0 0.66577 0.31144036009002246 0.011295 0.01611402850712678
0 0.65855 0.3029632408102026 0.008705000000000001 0.016946736684171043
0 0.635035 0.3386646661665416 0.008705000000000001 0.01888972243060765
0 0.645495 0.3319954988747187 0.01148 0.01444861215303826
0 0.646515 0.34852963240810203 0.012035 0.018057014253563392
0 0.657905 0.3522805701425356 0.00852 0.016669167291822953
0 0.6699400000000001 0.3524156039009752 0.014445 0.00805701425356339
0 0.669755 0.3683945986496624 0.015555 0.022228057014253563
0 0.861245 0.21509377344336086 0.011935000000000001 0.01993998499624906
0 0.873995 0.2199774943735934 0.01302 0.01993998499624906
0 0.8703350000000001 0.18518379594898723 0.011664999999999998 0.024418604651162787
0 0.888645 0.18701425356339085 0.01465 0.026451612903225806
0 0.905325 0.18294073518379597 0.01763 0.025641410352588146
0 0.94805 0.17927981995498873 0.01682 0.02889722430607652
0 0.975585 0.1764291072768192 0.019260000000000003 0.026451612903225806
0 0.99466 0.18090772693173293 0.009675000000000001 0.03215303825956489
0 0.96487 0.21387096774193545 0.02116 0.030525131282820705
0 0.9254 0.2224231057764441 0.02197 0.027269317329332333
0 0.903835 0.22120030007501876 0.01736 0.025641410352588146
0 0.924995 0.26718679669917483 0.020614999999999998 0.03215303825956489
0 0.9062749999999999 0.2602700675168792 0.01682 0.024823705926481622
0 0.980185 0.32414853713428354 0.038075000000000005 0.05314328582145537
0 0.956275 0.29492873218304577 0.02922 0.02789947486871718
0 0.933695 0.31618154538634663 0.031875 0.04384096024006001
0 0.91798 0.3371042760690173 0.031435 0.03786196549137284
0 0.88854 0.34939234808702174 0.03719 0.05048012003000751
0 0.860425 0.38758439609902473 0.04383 0.06443360840210052
0 0.845375 0.45733683420855215 0.057995 0.08701425356339085
0 0.80863 0.4809152288072018 0.057995 0.08502625656414103
0 0.74222 0.5154538634658665 0.072165 0.09432108027006753
0 0.710125 0.607119279819955 0.09385500000000001 0.16075018754688672
0 0.03111 0.6519954988747186 0.01908 0.026969242310577648
0 0.087105 0.6215003750937734 0.01659 0.01078769692423106
0 0.11116 0.612993248312078 0.027649999999999997 0.02531132783195799
0 0.14116499999999998 0.6107126781695424 0.02793 0.03318829707426857
0 0.162595 0.600960240060015 0.01659 0.02531132783195799
0 0.184855 0.5934958739684921 0.028480000000000002 0.03692423105776444
0 0.14205 0.5883795948987246 0.018600000000000002 0.007696924231057764
0 0.22237 0.5746736684171042 0.016995 0.024538634658664668
0 0.20793999999999999 0.5725056264066016 0.01058 0.017321830457614405
0 0.19816499999999998 0.582370592648162 0.016035 0.023570892723180796
0 0.200565 0.689654913728432 0.036875 0.05147786946736684
0 0.249625 0.7103375843960991 0.05483 0.06687171792948238
0 0.30398000000000003 0.6381770442610654 0.030785 0.0582145536384096
0 0.29067000000000004 0.5595198799699925 0.036234999999999996 0.043300825206301574
0 0.29628 0.5318529632408102 0.01924 0.021650412603150787
0 0.36987000000000003 0.4753263315828957 0.013789999999999998 0.01828207051762941
0 0.366025 0.4604126031507877 0.01507 0.010585146286571643
0 0.37532 0.45030757689422357 0.011865 0.01924231057764441
0 0.36313999999999996 0.5371417854463616 0.02533 0.04378094523630908
0 0.380295 0.5058739684921231 0.017955 0.026459114778694677
0 0.39793 0.519827456864216 0.01924 0.038004501125281316
0 0.347425 0.6713728432108027 0.03816 0.06495123780945236
0 0.40739 0.6622280570142536 0.075355 0.10439609902475619
0 0.38526499999999997 0.5936759189797449 0.03431 0.023090772693173296
0 0.36538 0.5794823705926482 0.0202 0.023570892723180796
0 0.43705 0.5566316579144787 0.021165 0.051957989497374346
0 0.464945 0.5393098274568642 0.037195 0.05580645161290323
0 0.46542500000000003 0.4820630157539385 0.022765 0.03463615903975994
0 0.52138 0.6256639159789947 0.05964 0.08900225056264066
0 0.57108 0.5304126031507876 0.03848 0.05339834958739685
0 0.524105 0.5371417854463616 0.033025 0.05243810952738185
0 0.520095 0.498417104276069 0.032705 0.021170292573143287
0 0.57076 0.4830232558139535 0.030785 0.03848462115528882
0 0.606995 0.5000975243810952 0.037835 0.04378094523630908
0 0.61597 0.4671492873218305 0.02501 0.021170292573143287
0 0.63473 0.44405101275318826 0.03046 0.04810952738184546
0 0.6866749999999999 0.45271567891972997 0.041365 0.047149287321830456
0 0.65974 0.4452588147036759 0.016355 0.0408927231807952
0 0.661825 0.4178319579894974 0.01988 0.011065266316579146
0 0.68363 0.4214403600900225 0.030785 0.012505626406601652
0 0.696615 0.413503375843961 0.021485 0.02261065266316579
0 0.720505 0.41085521380345086 0.026934999999999997 0.03656414103525882
0 0.736375 0.3966616654163541 0.022125 0.03223555888972243
0 0.7642749999999999 0.4337059264816204 0.02854 0.04954988747186796
0 0.789925 0.3904126031507877 0.033025 0.036084021005251314
0 0.7814249999999999 0.41591147786946736 0.02886 0.038004501125281316