0 0.06929375 0.6684111111111112 0.025375 0.06158888888888889
0 0.100275 0.6701444444444444 0.03464375 0.05812222222222223
0 0.13248125 0.6029111111111111 0.022937500000000003 0.045111111111111116
0 0.1566375 0.6311 0.03123125 0.052922222222222225
0 0.195675 0.5686444444444444 0.023424999999999998 0.04771111111111111
0 0.25228125 0.5352444444444445 0.028300000000000002 0.04684444444444444
0 0.27863125 0.5651777777777778 0.025375 0.04771111111111111
0 0.32913125 0.5179 0.0278125 0.05031111111111111
0 0.3310875 0.6068111111111111 0.03074375 0.05812222222222223
0 0.26521249999999996 0.6094111111111111 0.022937500000000003 0.04251111111111111
0 0.22324375 0.6211222222222222 0.02976875 0.07113333333333333
0 0.19445625 0.6562555555555556 0.0278125 0.052922222222222225
0 0.17615625000000001 0.7295666666666667 0.042943749999999996 0.07634444444444444
0 0.2256875 0.7456111111111111 0.041475 0.09282222222222222
0 0.27960625 0.6671 0.04684375 0.08154444444444445
0 0.3745125 0.6311 0.04830625 0.08241111111111112
0 0.30375625 0.7664333333333333 0.0405 0.072
0 0.4233125 0.7477777777777778 0.05611875 0.13012222222222222
0 0.5065062499999999 0.6497555555555555 0.053675 0.09195555555555557
0 0.5304187499999999 0.5825222222222222 0.0361125 0.072
0 0.50309375 0.4784222222222222 0.027325 0.06332222222222222
0 0.4740625 0.41336666666666666 0.01903125 0.05117777777777778
0 0.44893125 0.4281111111111111 0.025375 0.049444444444444444
0 0.4323375 0.6050777777777778 0.0390375 0.072
0 0.42355625 0.5491222222222222 0.03318125 0.03816666666666667
0 0.44770625000000003 0.5356777777777778 0.02195625 0.03556666666666666
0 0.61055625 0.7579333333333333 0.0772125 0.1215888888888889
0 0.6772875 0.6216444444444444 0.06508125 0.11374444444444445
0 0.83503125 0.7648 0.11030625000000001 0.1863
0 0.9453374999999999 0.609388888888889 0.080525 0.13041111111111112
0 0.92106875 0.48388888888888887 0.04743125 0.08922222222222222
0 0.9610562500000001 0.42798888888888886 0.0413625 0.07745555555555556
0 0.97870625 0.38485555555555556 0.0402625 0.04412222222222222
0 0.815725 0.5618333333333333 0.060668749999999994 0.08432222222222223
0 0.7561625 0.5544777777777777 0.05295 0.0853
0 0.7076250000000001 0.5157555555555555 0.04633125 0.07255555555555555
0 0.7476125 0.4397555555555555 0.04246875 0.06373333333333334
0 0.7470625 0.37701111111111113 0.03254375 0.04216666666666667
0 0.69549375 0.453 0.03860625 0.05491111111111111
0 0.63013125 0.5147666666666667 0.03915625 0.04902222222222222
0 0.5865625 0.5564444444444444 0.045774999999999996 0.08334444444444444
0 0.46901875 0.22976666666666665 0.01481875 0.028666666666666667
0 0.458775 0.2154222222222222 0.010025 0.026344444444444445
0 0.54071875 0.3963666666666667 0.02135625 0.03796666666666667
0 0.56513125 0.37195555555555554 0.02833125 0.03874444444444444
0 0.5939 0.3398 0.02135625 0.03952222222222222
0 0.6065375000000001 0.29602222222222224 0.02223125 0.04184444444444444
0 0.56055625 0.2685111111111111 0.01481875 0.03332222222222222
0 0.59564375 0.19721111111111111 0.014381250000000002 0.02712222222222222
0 0.538975 0.22162222222222222 0.017 0.026344444444444445
0 0.57275625 0.15536666666666668 0.01395 0.025566666666666668
0 0.59215625 0.1577 0.0109 0.01937777777777778
0 0.519825 0.18574444444444443 0.01220625 0.029222222222222222
0 0.528275 0.1970111111111111 0.00939375 0.020033333333333334
0 0.54095625 0.20035555555555554 0.01315 0.011688888888888888
0 0.5860375 0.18532222222222222 0.00845 0.0167
0 0.61350625 0.40195555555555557 0.0248875 0.05092222222222222
0 0.6292375 0.36606666666666665 0.02441875 0.04257777777777778
0 0.6506000000000001 0.34226666666666666 0.02019375 0.041744444444444445
0 0.66375 0.3209888888888889 0.02113125 0.03422222222222222
0 0.67736875 0.3034555555555556 0.017375 0.027544444444444444
0 0.729725 0.3547888888888889 0.02441875 0.04341111111111111
0 0.8816375 0.35354444444444444 0.027706249999999998 0.05092222222222222
0 0.8835124999999999 0.30554444444444445 0.027706249999999998 0.041744444444444445
0 0.97015 0.23958888888888888 0.03475 0.05843333333333334
0 0.8637937499999999 0.25044444444444447 0.02395 0.041744444444444445
0 0.8924375000000001 0.26755555555555555 0.026768749999999997 0.03255555555555556
0 0.74991875 0.30762222222222224 0.02629375 0.03756666666666667
0 0.66633125 0.2850888888888889 0.0206625 0.027544444444444444
0 0.68276875 0.2562888888888889 0.022537500000000002 0.041744444444444445
0 0.6790125 0.2274888888888889 0.0216 0.01753333333333333
0 0.6792437499999999 0.20870000000000002 0.01925 0.0167
0 0.68464375 0.19116666666666668 0.01878125 0.015022222222222222
0 0.7407625 0.14943333333333333 0.02019375 0.03172222222222222
0 0.7611875 0.25753333333333334 0.028175 0.02421111111111111
0 0.7574312500000001 0.27924444444444446 0.02535625 0.019200000000000002
0 0.8743562500000001 0.21996666666666667 0.027237499999999998 0.019200000000000002
0 0.94808125 0.10560000000000001 0.022537500000000002 0.03422222222222222
0 0.8546375 0.19576666666666667 0.0216 0.03255555555555556
0 0.8652 0.16696666666666668 0.02019375 0.023377777777777775
0 0.85251875 0.16195555555555555 0.01268125 0.023377777777777775
0 0.84125 0.16236666666666666 0.008924999999999999 0.02086666666666667
0 0.83326875 0.1469222222222222 0.015493749999999999 0.03338888888888889
0 0.82998125 0.11562222222222222 0.0164375 0.02421111111111111
0 0.79453125 0.07805555555555556 0.01315 0.029222222222222222
0 0.76940625 0.08264444444444444 0.01268125 0.020033333333333334
0 0.7743375 0.06303333333333333 0.01220625 0.015866666666666664
0 0.67413125 0.15405555555555556 0.013731249999999999 0.025733333333333334
0 0.6611437499999999 0.14514444444444444 0.01150625 0.025066666666666664
0 0.7023375000000001 0.11677777777777777 0.01150625 0.030344444444444445
0 0.732025 0.11810000000000001 0.01595625 0.023755555555555554
0 0.7385187500000001 0.07817777777777778 0.012618750000000001 0.020455555555555557
0 0.7374062499999999 0.04961111111111111 0.011131249999999999 0.026144444444444446
0 0.7188500000000001 0.056655555555555556 0.0141 0.02308888888888889
0 0.69194375 0.09558888888888889 0.013731249999999999 0.02308888888888889
0 0.6839624999999999 0.0823888888888889 0.00890625 0.01781111111111111
0 0.6531625 0.13253333333333334 0.011131249999999999 0.019133333333333332
0 0.64314375 0.11933333333333333 0.009649999999999999 0.020455555555555557
0 0.63441875 0.11867777777777778 0.009275 0.02705555555555556
0 0.97733125 0.19562222222222223 0.03376875 0.03496666666666667
0 0.9893125 0.13656666666666667 0.02136875 0.05542222222222223
0 0.9804875 0.02308888888888889 0.0133625 0.02638888888888889
0 0.99506875 0.011877777777777777 0.0098625 0.023755555555555554
0 0.962675 0.010222222222222221 0.0200375 0.020455555555555557
0 0.9229625 0.10655555555555556 0.0178125 0.03233333333333333
0 0.9454187500000001 0.07554444444444444 0.02560625 0.02441111111111111
0 0.90459375 0.056744444444444445 0.01595625 0.03298888888888889
0 0.89141875 0.058055555555555555 0.01039375 0.03298888888888889
0 0.90515 0.005277777777777778 0.0141 0.010555555555555556
0 0.8285125 0.03101111111111111 0.01224375 0.021111111111111112
0 0.8136687499999999 0.013522222222222222 0.0129875 0.025733333333333334
0 0.7967875 0.013522222222222222 0.012618750000000001 0.02308888888888889
0 0.7819375 0.01781111111111111 0.011131249999999999 0.02638888888888889