0 0.9722416302765647 0.13961805555555554 0.027278020378457057 0.03885416666666667
0 0.9881077147016012 0.17802083333333332 0.02378457059679767 0.04879629629629629
0 0.8489301310043669 0.18208333333333332 0.013639010189228529 0.035243055555555555
0 0.859730713245997 0.1915740740740741 0.01136098981077147 0.036145833333333335
0 0.7440975254730713 0.24082175925925925 0.03125181950509461 0.03885416666666667
0 0.7386972343522562 0.20693287037037036 0.030684133915574962 0.025300925925925925
0 0.6639737991266376 0.29910879629629633 0.02898107714701601 0.05060185185185185
0 0.6395414847161572 0.3289236111111111 0.036935953420669576 0.06325231481481482
0 0.7202328966521107 0.2733564814814815 0.03352256186317322 0.04789351851851852
0 0.742962154294032 0.3104050925925926 0.04262008733624454 0.042476851851851856
0 0.7230713245997089 0.36010416666666667 0.04716157205240174 0.06596064814814816
0 0.9472343522561864 0.3018171296296296 0.045458515283842794 0.04879629629629629
0 0.977802037845706 0.32440972222222225 0.04294032023289665 0.03072916666666667
0 0.9509315866084425 0.39850694444444446 0.04716157205240174 0.10663194444444445
0 0.8310334788937408 0.38991898148148146 0.06420669577874819 0.12199074074074075
0 0.7401164483260553 0.4549884259259259 0.0778457059679767 0.11837962962962963
0 0.6162445414847162 0.45001157407407405 0.05625181950509462 0.10663194444444445
0 0.6588646288209606 0.3867592592592593 0.04943231441048035 0.07770833333333334
0 0.5619796215429403 0.36868055555555557 0.0488646288209607 0.08313657407407407
0 0.5236244541484717 0.4558912037037037 0.041477438136826784 0.075
0 0.47304949053857354 0.45136574074074076 0.060800582241630284 0.055127314814814816
0 0.4758951965065502 0.5046875000000001 0.05966521106259098 0.05331018518518519
0 0.4575109170305677 0.6056597222222222 0.10383551673944687 0.1451851851851852
0 0.8028675400291122 0.735925925925926 0.15507278020378457 0.28184027777777776
0 0.9304512372634643 0.6621990740740741 0.10338427947598254 0.2179050925925926
0 0.9582532751091704 0.5265046296296296 0.08349344978165939 0.06915509259259259
0 0.38522561863173216 0.877175925925926 0.19281659388646288 0.2433449074074074
0 0.874250363901019 0.19246527777777778 0.015589519650655023 0.02479166666666667