0 0.275 0.7940755555555555 0.12777666666666665 0.1896311111111111
0 0.07277666666666667 0.8377777777777777 0.12333333333333334 0.21185333333333334
0 0.043333333333333335 0.5540755555555555 0.08666666666666667 0.15703555555555554
0 0.085 0.38296444444444444 0.06777666666666667 0.12296444444444445
0 0.18111000000000002 0.28 0.048889999999999996 0.08888888888888889
0 0.12333333333333334 0.24592444444444447 0.06222333333333333 0.09777777777777778
0 0.017776666666666666 0.22074222222222223 0.03555666666666667 0.07111111111111111
0 0.4072233333333334 0.6474088888888889 0.11222333333333334 0.16592444444444443
0 0.56611 0.6155555555555555 0.11889000000000001 0.18814666666666666
0 0.22277666666666668 0.6496311111111112 0.10555666666666667 0.1437022222222222
0 0.26389 0.5103688888888889 0.08777666666666666 0.1437022222222222
0 0.28833333333333333 0.40148 0.07666666666666666 0.08296444444444444
0 0.23944333333333334 0.37851999999999997 0.043333333333333335 0.08740888888888888
0 0.24333333333333335 0.22740888888888888 0.04666666666666667 0.0903688888888889
0 0.3177766666666667 0.17481333333333332 0.06 0.07703555555555557
0 0.37277666666666665 0.2681466666666667 0.08333333333333333 0.09481333333333333
0 0.36277666666666664 0.3681466666666667 0.08111 0.11703555555555555
0 0.45222333333333337 0.39555555555555555 0.08889000000000001 0.11259111111111111
0 0.40110999999999997 0.5088888888888888 0.09111 0.1111111111111111
0 0.5427766666666667 0.47036888888888884 0.09222333333333334 0.10518666666666666
0 0.7172233333333333 0.46814666666666666 0.09 0.14222222222222222
0 0.8755566666666666 0.4229644444444444 0.09555666666666668 0.17629777777777778
0 0.7522233333333334 0.24518666666666664 0.07777666666666667 0.13185333333333335
0 0.7033333333333334 0.34370222222222224 0.08666666666666667 0.10963111111111111
0 0.9294433333333333 0.28888888888888886 0.07889 0.10963111111111111
0 0.9716666666666667 0.21036888888888888 0.056666666666666664 0.12444444444444444
0 0.97111 0.06370222222222223 0.05777666666666667 0.10963111111111111
0 0.86889 0.034813333333333335 0.06222333333333333 0.0696311111111111
0 0.8344433333333333 0.20296444444444445 0.07777666666666667 0.11852
0 0.63 0.2770355555555556 0.06444333333333334 0.10074222222222222
0 0.56111 0.2637022222222222 0.05333333333333334 0.10074222222222222
0 0.6542166666666667 0.12657333333333334 0.05115666666666667 0.07453777777777779
0 0.6025333333333333 0.19126222222222222 0.06275666666666667 0.06891111111111112
0 0.5052300000000001 0.2053288888888889 0.04113666666666667 0.08016000000000001
0 0.48308 0.12024444444444445 0.05484666666666666 0.07594222222222223
0 0.67241 0.04007555555555556 0.050629999999999994 0.07455111111111111
0 0.53951 0.04183111111111111 0.04641 0.08366222222222222
0 0.42190333333333335 0.05202222222222222 0.045353333333333336 0.06891111111111112
0 0.36943 0.028120000000000003 0.04693666666666667 0.056240000000000005
0 0.27714 0.04639555555555556 0.04693666666666667 0.06891111111111112
0 0.50233 0.3111555555555556 0.06592333333333333 0.10196
0 0.16200333333333333 0.09918222222222223 0.04645333333333334 0.06350666666666666
0 0.037926666666666664 0.14700888888888888 0.03822333333333333 0.060373333333333334
0 0.017936666666666667 0.03253777777777778 0.03587 0.06350666666666666
0 0.06909333333333334 0.016857777777777777 0.04292666666666667 0.033715555555555554
0 0.16906000000000002 0.010586666666666666 0.03469333333333333 0.02116888888888889
0 0.16847333333333334 0.047044444444444444 0.04292666666666667 0.039204444444444445