0 0.064453125 0.5729166666666666 0.12265625 0.32916666666666666
0 0.26015625 0.4083333333333333 0.06875 0.15
0 0.194140625 0.3680555555555556 0.03828125 0.1
0 0.14140625 0.37569444444444444 0.0609375 0.14305555555555555
0 0.40546875 0.5263888888888889 0.121875 0.26666666666666666
0 0.721875 0.42986111111111114 0.06875 0.1597222222222222
0 0.847265625 0.6243055555555556 0.14609375 0.24861111111111112
0 0.889453125 0.3736111111111111 0.06328125 0.11666666666666667
0 0.953125 0.35347222222222224 0.0390625 0.09027777777777778
0 0.815234375 0.3770833333333333 0.06328125 0.12361111111111112
0 0.7046875 0.33541666666666664 0.05625 0.07083333333333333
0 0.613671875 0.38958333333333334 0.07265625 0.14027777777777778
0 0.47421875 0.3902777777777778 0.059375 0.16111111111111112
0 0.4703125 0.27708333333333335 0.05 0.05138888888888889