0 0.2843064182194617 0.81 0.09686335403726708 0.21142
0 0.22663561076604555 0.61714 0.08799171842650104 0.18
0 0.16267080745341614 0.51 0.062111801242236024 0.14858000000000002
0 0.06063146997929607 0.42857999999999996 0.06063146997929607 0.11142
0 0.08909937888198757 0.345 0.053975155279503105 0.08714
0 0.051759834368530024 0.29072000000000003 0.03992753623188406 0.07858
0 0.062111801242236024 0.22713999999999998 0.03992753623188406 0.06858
0 0.08631469979296066 0.16394 0.025962732919254657 0.04326
0 0.07155279503105591 0.1326 0.015900621118012423 0.03574
0 0.09118012422360249 0.1326 0.01816770186335404 0.01316
0 0.09020703933747412 0.10438 0.023364389233954452 0.03448
0 0.6217184265010353 0.8306399999999999 0.07527950310559006 0.12788
0 0.4868944099378882 0.68396 0.053540372670807454 0.10658
0 0.3519047619047619 0.5209600000000001 0.04770186335403726 0.09278
0 0.7556935817805382 0.8492799999999999 0.041407867494824016 0.10714
0 0.83148033126294 0.84714 0.03919254658385093 0.08
0 0.8706728778467909 0.82428 0.025879917184265012 0.05714
0 0.7893374741200828 0.77428 0.025879917184265012 0.04572
0 0.7630848861283643 0.7657200000000001 0.026614906832298137 0.04572
0 0.7364699792960662 0.7607200000000001 0.03401656314699793 0.07
0 0.6628985507246377 0.74572 0.04510351966873706 0.08572
0 0.6255590062111801 0.70858 0.028095238095238097 0.031420000000000003
0 0.5556832298136646 0.63642 0.03179089026915114 0.04428
0 0.5320186335403726 0.6714199999999999 0.030320910973084887 0.06286
0 0.5016977225672877 0.595 0.03475155279503105 0.07
0 0.39817805383022775 0.55 0.024399585921325052 0.04286
0 0.2769151138716356 0.46714 0.04214285714285714 0.06858
0 0.22811594202898552 0.40286 0.03771221532091097 0.06
0 0.20445134575569357 0.34214 0.03179089026915114 0.06714
0 0.15269151138716355 0.32714 0.03179089026915114 0.06
0 0.18226708074534162 0.28428 0.024399585921325052 0.04858
0 0.1660041407867495 0.26858 0.017008281573498964 0.04
0 0.1537991718426501 0.23072 0.025144927536231883 0.04714
0 0.1741304347826087 0.23358 0.021438923395445137 0.03572
0 0.16452380952380954 0.18358000000000002 0.021438923395445137 0.038579999999999996
0 0.17005175983436854 0.11118 0.012981366459627329 0.02174
0 0.16312629399585923 0.12706 0.014710144927536233 0.0156
0 0.1782712215320911 0.13766 0.010962732919254658 0.017839999999999998
0 0.163416149068323 0.14658000000000002 0.01932712215320911 0.018940000000000002
0 0.2398550724637681 0.16524 0.012981366459627329 0.03288
0 0.22024844720496894 0.16358 0.010672877846790892 0.01728
0 0.2277432712215321 0.18336000000000002 0.009523809523809523 0.0223
0 0.21821946169772258 0.19088 0.010093167701863354 0.02174
0 0.20928571428571427 0.19952 0.009523809523809523 0.023399999999999997
0 0.22038302277432711 0.22962 0.013271221532091098 0.0312
0 0.20265010351966872 0.24578 0.01817805383022774 0.040119999999999996
0 0.21908902691511387 0.27642 0.021055900621118014 0.03344
0 0.25212215320910975 0.30957999999999997 0.021925465838509316 0.03288
0 0.2632298136645963 0.34944 0.023944099378881988 0.045700000000000005
0 0.2648136645962733 0.21374 0.011542443064182195 0.026199999999999998
0 0.27765010351966873 0.21512 0.013561076604554865 0.013380000000000001
0 0.27736024844720497 0.23518 0.012401656314699793 0.020059999999999998
0 0.2799585921325052 0.25916 0.015869565217391305 0.020059999999999998
0 0.28298136645962735 0.28034 0.010962732919254658 0.02118
0 0.26943064182194615 0.29594 0.013271221532091098 0.0312
0 0.2930848861283644 0.30595999999999995 0.014420289855072464 0.039020000000000006
0 0.2929399585921325 0.26556 0.010093167701863354 0.025079999999999998
0 0.30908902691511386 0.31739999999999996 0.016438923395445136 0.0195
0 0.3144306418219462 0.33884 0.018457556935817805 0.0223
0 0.3128364389233954 0.36838 0.019906832298136647 0.023399999999999997
0 0.33072463768115945 0.41046 0.03028985507246377 0.05964
0 0.3375051759834368 0.36504000000000003 0.021345755693581783 0.023399999999999997
0 0.3665217391304348 0.458 0.026304347826086958 0.06776
0 0.8102691511387163 0.6614 0.022784679089026916 0.04286
0 0.7940890269151138 0.61738 0.016790890269151138 0.05212
0 0.7925879917184265 0.6975800000000001 0.020383022774327124 0.05038
0 0.7512215320910972 0.68484 0.022184265010351967 0.045759999999999995
0 0.7570600414078675 0.6249 0.021283643892339544 0.03244
0 0.7605072463768116 0.58726 0.015590062111801242 0.04054
0 0.723944099378882 0.55744 0.017391304347826087 0.03648
0 0.71 0.5913200000000001 0.0206832298136646 0.03474
0 0.7044513457556936 0.70338 0.03417184265010352 0.0585
0 0.6911180124223603 0.6596599999999999 0.021283643892339544 0.02896
0 0.6436024844720497 0.6637000000000001 0.02577639751552795 0.03822
0 0.666687370600414 0.6008600000000001 0.02158385093167702 0.05154
0 0.6842236024844721 0.5464199999999999 0.015890269151138715 0.038799999999999994
0 0.6992132505175984 0.54034 0.013488612836438922 0.03244
0 0.667287784679089 0.51312 0.016190476190476193 0.039380000000000005
0 0.6331055900621119 0.55744 0.019182194616977226 0.03302
0 0.6412008281573499 0.52964 0.01798136645962733 0.02028
0 0.5914389233954451 0.5221 0.020383022774327124 0.02954
0 0.6176708074534161 0.4639 0.01888198757763975 0.03706
0 0.5986335403726708 0.6081 0.019782608695652175 0.0359
0 0.583944099378882 0.62578 0.019782608695652175 0.034159999999999996
0 0.5599689440993788 0.5817599999999999 0.025175983436853 0.05154
0 0.5556211180124224 0.503 0.018281573498964802 0.03532
0 0.5921946169772256 0.44739999999999996 0.013488612836438922 0.02838
0 0.5601138716356108 0.4109 0.013488612836438922 0.027219999999999998
0 0.5409316770186335 0.3944 0.012888198757763975 0.02664
0 0.5241407867494824 0.37442000000000003 0.014089026915113871 0.02606
0 0.4988095238095238 0.35675999999999997 0.010196687370600414 0.018539999999999997
0 0.4946169772256729 0.38368 0.016190476190476193 0.02606
0 0.511407867494824 0.41004 0.016190476190476193 0.02548
0 0.5397308488612836 0.4613 0.01888198757763975 0.02606
0 0.5130538302277433 0.53138 0.02248447204968944 0.04228
0 0.5309213250517598 0.5444199999999999 0.011180124223602485 0.0415
0 0.48530020703933746 0.5338999999999999 0.02178053830227743 0.04322
0 0.4507246376811594 0.5106 0.02560041407867495 0.051179999999999996
0 0.4886853002070393 0.49666000000000005 0.023250517598343685 0.02104
0 0.47279503105590065 0.46568 0.01736024844720497 0.03412
0 0.4611697722567288 0.4799 0.015890269151138715 0.030699999999999998
0 0.474120082815735 0.36362 0.013540372670807453 0.02332
0 0.45572463768115945 0.34912 0.010890269151138715 0.020460000000000002
0 0.4570496894409938 0.33262 0.010010351966873707 0.0125
0 0.4429192546583851 0.32324 0.01295031055900621 0.02558
0 0.4632298136645963 0.3855 0.014130434782608696 0.02388
0 0.44395445134575573 0.3693 0.010300207039337473 0.02558
0 0.42143892339544514 0.3531 0.014130434782608696 0.02388
0 0.420703933747412 0.32438 0.012650103519668738 0.02786
0 0.4003933747412008 0.31357999999999997 0.014420289855072464 0.02444
0 0.44762939958592135 0.43810000000000004 0.018250517598343684 0.03468
0 0.43938923395445134 0.47478 0.0170703933747412 0.032979999999999995
0 0.419824016563147 0.44094 0.01736024844720497 0.03468
0 0.4037784679089027 0.46027999999999997 0.01766045548654244 0.047200000000000006
0 0.42835403726708077 0.4074 0.015600414078674948 0.03128
0 0.4076086956521739 0.42075999999999997 0.0170703933747412 0.02616
0 0.38229813664596274 0.42616000000000004 0.018250517598343684 0.0381
0 0.359047619047619 0.40142 0.022960662525879916 0.03526
0 0.37434782608695655 0.38380000000000003 0.018830227743271224 0.03526
0 0.4020186335403727 0.37356 0.01295031055900621 0.02616
0 0.3912732919254659 0.36248 0.010300207039337473 0.026719999999999997
0 0.38097308488612835 0.33148 0.0120703933747412 0.02842
0 0.37773291925465835 0.30845999999999996 0.009710144927536232 0.015359999999999999
0 0.3724430641821946 0.29766000000000004 0.009710144927536232 0.01308
0 0.37420289855072464 0.28288 0.00912008281573499 0.01194
0 0.36449275362318845 0.28458 0.007950310559006211 0.01762
0 0.3656728778467909 0.35963999999999996 0.015600414078674948 0.029
0 0.3541925465838509 0.34628 0.011480331262939958 0.032979999999999995
0 0.3462422360248448 0.32638 0.011480331262939958 0.03638
0 0.3227018633540373 0.313 0.011480331262939958 0.029
0 0.33329192546583847 0.2769 0.009710144927536232 0.02274
0 0.31299171842650103 0.23965999999999998 0.008530020703933747 0.019899999999999998
0 0.3093064182194617 0.25927999999999995 0.010010351966873707 0.020460000000000002
0 0.3334886128364389 0.30495999999999995 0.013198757763975156 0.0327