0 0.9435714285714286 0.3057324840764331 0.07428571428571429 0.22611464968152867
0 0.915 0.6170382165605095 0.07857142857142857 0.2659235668789809
0 0.8314285714285714 0.446656050955414 0.07714285714285714 0.22452229299363058
0 0.8453571428571428 0.1982484076433121 0.07357142857142857 0.21178343949044587
0 0.7414285714285714 0.29378980891719747 0.07428571428571429 0.24044585987261147
0 0.6660714285714285 0.2197452229299363 0.07071428571428572 0.1910828025477707
0 0.5792857142857143 0.07085987261146497 0.07142857142857142 0.14171974522292993
0 0.4857142857142857 0.027070063694267517 0.04857142857142857 0.054140127388535034
0 0.45107142857142857 0.15127388535031847 0.06785714285714285 0.17834394904458598
0 0.5385714285714286 0.2818471337579618 0.08 0.2229299363057325
0 0.6096428571428572 0.4625796178343949 0.062142857142857146 0.15127388535031847
0 0.6403571428571428 0.570859872611465 0.07928571428571428 0.19585987261146498
0 0.7453571428571428 0.7428343949044586 0.09357142857142857 0.24363057324840764
0 0.2689285714285714 0.15843949044585987 0.06642857142857143 0.18630573248407642
0 0.030357142857142857 0.09713375796178345 0.05928571428571429 0.16560509554140126
0 0.03535714285714286 0.24044585987261147 0.07071428571428572 0.1624203821656051
0 0.07464285714285715 0.42595541401273884 0.07785714285714286 0.2754777070063694
0 0.26071428571428573 0.3105095541401274 0.07428571428571429 0.18152866242038215
0 0.36714285714285716 0.4339171974522293 0.08571428571428572 0.2340764331210191
0 0.4107142857142857 0.6767515923566879 0.08714285714285715 0.2484076433121019
0 0.4325 0.8511146496815286 0.09785714285714285 0.2818471337579618
0 0.12571428571428572 0.8264331210191083 0.11285714285714285 0.27070063694267515
0 0.15142857142857144 0.6194267515923567 0.12142857142857143 0.21019108280254778