0 0.7554635761589404 0.2870550161812298 0.0151158940397351 0.03656957928802589
0 0.7255960264900662 0.2968932038834951 0.015844370860927152 0.03656957928802589
0 0.7133609271523179 0.3088349514563107 0.014403973509933774 0.032362459546925564
0 0.6759271523178808 0.3081553398058252 0.01152317880794702 0.03938511326860841
0 0.688162251655629 0.31236245954692554 0.008642384105960264 0.025339805825242718
0 0.869817880794702 0.3168932038834952 0.01728476821192053 0.03550161812297735
0 0.8374006622516557 0.3308414239482201 0.016423841059602647 0.03294498381877022
0 0.7852980132450331 0.31731391585760516 0.01599337748344371 0.03294498381877022
0 0.7673675496688742 0.3101294498381877 0.013841059602649006 0.03550161812297735
0 0.7526655629139073 0.33042071197411 0.013841059602649006 0.03550161812297735
0 0.6525827814569537 0.29197411003236245 0.011672185430463576 0.022815533980582524
0 0.61 0.28941747572815535 0.012963576158940398 0.0312621359223301
0 0.5721688741721854 0.28941747572815535 0.012533112582781458 0.027896440129449834
0 0.5622350993377483 0.3194174757281554 0.013394039735099337 0.037184466019417474
0 0.5788741721854305 0.3118122977346278 0.013841059602649006 0.03550161812297735
0 0.5922682119205298 0.3371844660194175 0.01816225165562914 0.04226537216828479
0 0.6115066225165563 0.33802588996763755 0.014271523178807945 0.03550161812297735
0 0.6192880794701987 0.3126537216828479 0.012533112582781458 0.03210355987055016
0 0.6370529801324503 0.30932038834951453 0.013112582781456954 0.037831715210355985
0 0.6579635761589404 0.3117799352750809 0.009983443708609272 0.023171521035598705
0 0.6370529801324503 0.34106796116504856 0.01685430463576159 0.04271844660194175
0 0.6226986754966888 0.3593527508090615 0.01435430463576159 0.04514563106796116
0 0.590546357615894 0.39106796116504855 0.01622516556291391 0.04514563106796116
0 0.569635761589404 0.3660517799352751 0.015612582781456953 0.04637540453074434
0 0.6080298013245033 0.4350161812297734 0.01622516556291391 0.050032362459546925
0 0.6685761589403973 0.41974110032362455 0.01872516556291391 0.043915857605177994
0 0.6667052980132451 0.3813268608414239 0.019983443708609272 0.0402588996763754
0 0.674817880794702 0.3623948220064725 0.01622516556291391 0.04148867313915858
0 0.7200827814569537 0.35142394822006473 0.013112582781456954 0.04148867313915858
0 0.7344370860927153 0.3831391585760518 0.021854304635761587 0.043915857605177994
0 0.7678311258278145 0.4155016181229773 0.017483443708609273 0.050032362459546925
0 0.7831291390728476 0.3593527508090615 0.018096026490066225 0.04271844660194175
0 0.7640894039735099 0.3581229773462783 0.014983443708609273 0.037831715210355985
0 0.6686092715231787 0.3345307443365696 0.020397350993377483 0.02116504854368932
0 0.8136258278145696 0.38870550161812295 0.021026490066225166 0.044854368932038834
0 0.8601490066225165 0.38436893203883493 0.026125827814569534 0.04359223300970874
0 0.8591887417218543 0.34511326860841424 0.020397350993377483 0.03488673139158576
0 0.9223013245033114 0.35320388349514564 0.01912251655629139 0.04608414239482201
0 0.9646854304635761 0.3420064724919094 0.024850993377483442 0.04359223300970874
0 0.9512913907284769 0.3787378640776699 0.019751655629139074 0.052330097087378645
0 0.9822019867549668 0.40679611650485437 0.020397350993377483 0.04608414239482201
0 0.952566225165563 0.44540453074433656 0.02740066225165563 0.053559870550161814
0 0.9111423841059604 0.4099029126213592 0.022301324503311258 0.052330097087378645
0 0.8920198675496688 0.48899676375404527 0.02867549668874172 0.05854368932038835
0 0.8623841059602649 0.4641100323624595 0.024221854304635762 0.06103559870550162
0 0.7992715231788079 0.4659546925566343 0.025496688741721854 0.052330097087378645
0 0.7358609271523179 0.4684466019417476 0.022301324503311258 0.04734627831715211
0 0.6708443708609272 0.467831715210356 0.02740066225165563 0.05106796116504854
0 0.6182615894039735 0.48838187702265373 0.024221854304635762 0.04983818770226537
0 0.6533112582781457 0.5126860841423948 0.024221854304635762 0.05605177993527508
0 0.6877317880794702 0.5631391585760518 0.03314569536423841 0.09220064724919093
0 0.7422350993377483 0.519546925566343 0.026125827814569534 0.05980582524271845
0 0.7776158940397351 0.5768608414239482 0.02804635761589404 0.06229773462783172
0 0.8305132450331125 0.519546925566343 0.02804635761589404 0.05980582524271845
0 0.8894701986754967 0.5625242718446601 0.029950331125827814 0.08097087378640777
0 0.9079470198675497 0.6497411003236246 0.03632450331125828 0.08097087378640777
0 0.8273178807947019 0.7332038834951456 0.040794701986754965 0.10090614886731392
0 0.8056456953642385 0.6428802588996764 0.03187086092715232 0.0797411003236246
0 0.4200331125827814 0.2772168284789644 0.01402317880794702 0.03113268608414239
0 0.40059602649006626 0.2902912621359223 0.010827814569536423 0.01993527508090615
0 0.38498344370860926 0.2797087378640777 0.01402317880794702 0.03611650485436893
0 0.36903973509933774 0.29715210355987054 0.011473509933774833 0.028640776699029126
0 0.3384437086092715 0.269126213592233 0.011473509933774833 0.03737864077669903
0 0.3285761589403974 0.2772168284789644 0.009552980132450331 0.026148867313915858
0 0.31263245033112586 0.25915857605177994 0.013377483443708609 0.042362459546925565
0 0.22403973509933775 0.2709708737864078 0.013377483443708609 0.03362459546925566
0 0.24443708609271522 0.2840776699029126 0.008278145695364239 0.024919093851132685
0 0.2559105960264901 0.2803236245954693 0.010827814569536423 0.029902912621359225
0 0.2810927152317881 0.2803236245954693 0.010198675496688741 0.012459546925566342
0 0.3129635761589404 0.29653721682847894 0.012748344370860927 0.03239482200647249
0 0.3566225165562914 0.29902912621359223 0.010827814569536423 0.029902912621359225
0 0.3977317880794702 0.3164401294498382 0.012748344370860927 0.03737864077669903
0 0.41430463576158943 0.30773462783171524 0.011473509933774833 0.03488673139158576
0 0.4458443708609272 0.29964401294498383 0.012102649006622515 0.02116504854368932
0 0.44649006622516557 0.3251779935275081 0.018476821192052982 0.03239482200647249
0 0.4343708609271523 0.35446601941747574 0.013377483443708609 0.03611650485436893
0 0.41048013245033116 0.34012944983818766 0.015298013245033113 0.03737864077669903
0 0.36776490066225165 0.36006472491909386 0.0178476821192053 0.044854368932038834
0 0.344817880794702 0.3183171521035599 0.012748344370860927 0.0386084142394822
0 0.2823675496688742 0.30585760517799354 0.01402317880794702 0.03362459546925566
0 0.29288079470198675 0.3288996763754045 0.015927152317880795 0.03737864077669903
0 0.31551324503311257 0.35197411003236245 0.01912251655629139 0.04608414239482201
0 0.3406788079470199 0.3731391585760518 0.021026490066225166 0.05106796116504854
0 0.42099337748344373 0.3787378640776699 0.015927152317880795 0.042362459546925565
0 0.44011589403973506 0.4229773462783171 0.024850993377483442 0.04857605177993527
0 0.2084271523178808 0.2877993527508091 0.011473509933774833 0.029902912621359225
0 0.19536423841059603 0.30524271844660195 0.013377483443708609 0.03488673139158576
0 0.1959933774834437 0.2815857605177994 0.009552980132450331 0.014951456310679612
0 0.15233443708609273 0.2902912621359223 0.011473509933774833 0.027411003236245957
0 0.13862582781456953 0.30401294498381876 0.01720198675496689 0.042362459546925565
0 0.11122516556291392 0.2797087378640777 0.015927152317880795 0.0386084142394822
0 0.09273178807947019 0.2877993527508091 0.015927152317880795 0.0398705501618123
0 0.07649006622516556 0.31394822006472495 0.016572847682119207 0.03737864077669903
0 0.028360927152317878 0.3376375404530744 0.029950331125827814 0.04983818770226537
0 0.08763245033112582 0.34385113268608414 0.021026490066225166 0.04983818770226537
0 0.14660596026490066 0.356957928802589 0.01912251655629139 0.04608414239482201
0 0.16188741721854305 0.3332686084142395 0.0178476821192053 0.053559870550161814
0 0.20236754966887419 0.3363754045307443 0.010827814569536423 0.042362459546925565
0 0.21193708609271522 0.36194174757281555 0.0146523178807947 0.04608414239482201
0 0.23647350993377486 0.30462783171521035 0.01402317880794702 0.028640776699029126
0 0.2533609271523179 0.3083495145631068 0.021026490066225166 0.026148867313915858
0 0.24698675496688743 0.3363754045307443 0.015927152317880795 0.0398705501618123
0 0.27566225165562913 0.36877022653721686 0.021026490066225166 0.044854368932038834
0 0.36903973509933774 0.43106796116504853 0.025496688741721854 0.06229773462783172
0 0.4117549668874172 0.4566343042071197 0.020397350993377483 0.04608414239482201
0 0.4130298013245033 0.5126860841423948 0.022947019867549667 0.06851132686084142
0 0.4200331125827814 0.634789644012945 0.034420529801324505 0.0784789644012945
0 0.409205298013245 0.7494174757281553 0.04206953642384106 0.10588996763754045
0 0.36903973509933774 0.57 0.02677152317880795 0.06851132686084142
0 0.3298509933774834 0.44851132686084144 0.022301324503311258 0.05980582524271845
0 0.3256953642384106 0.5120711974110032 0.029321192052980134 0.07475728155339806
0 0.3205960264900662 0.643495145631068 0.034420529801324505 0.09093851132686084
0 0.2820364238410596 0.555663430420712 0.029950331125827814 0.07226537216828478
0 0.27183774834437086 0.44728155339805825 0.024850993377483442 0.06229773462783172
0 0.24698675496688743 0.40430420711974113 0.019751655629139074 0.05854368932038835
0 0.19216887417218542 0.40304207119741103 0.01720198675496689 0.053559870550161814
0 0.20364238410596028 0.44042071197411004 0.021026490066225166 0.03611650485436893
0 0.19408940397350993 0.48964401294498383 0.026125827814569534 0.06977346278317152
0 0.10038079470198676 0.4354368932038835 0.029950331125827814 0.06352750809061489
0 0.0356953642384106 0.38996763754045305 0.024221854304635762 0.05482200647249191
0 0.06309602649006622 0.528252427184466 0.03314569536423841 0.07724919093851133
0 0.08572847682119206 0.5213915857605178 0.019751655629139074 0.06352750809061489
0 0.14788079470198676 0.5450809061488673 0.02804635761589404 0.06851132686084142
0 0.15264900662251657 0.6341423948220064 0.04014900662251655 0.0797411003236246
0 0.25814569536423837 0.7350809061488672 0.04334437086092715 0.11462783171521036
0 0.09879139072847683 0.7107766990291262 0.048443708609271524 0.11087378640776699
0 0.009552980132450331 0.43731391585760515 0.01912251655629139 0.07226537216828478