0 0.5531914893617021 0.6597075471698113 0.0729468085106383 0.12533962264150944
0 0.5976436170212766 0.5411037735849057 0.053952127659574474 0.07682075471698113
0 0.6850319148936169 0.6233113207547171 0.06003191489361702 0.11725471698113209
0 0.7659574468085106 0.802556603773585 0.10486170212765956 0.19541509433962262
0 0.9164148936170212 0.7318018867924528 0.10486170212765956 0.21024528301886794
0 0.9677074468085106 0.6057924528301887 0.0645904255319149 0.15767924528301885
0 0.38335638297872343 0.5983867924528301 0.05851063829787234 0.10512264150943397
0 0.5068404255319149 0.5640188679245283 0.05015425531914894 0.08490566037735849
0 0.7021276595744681 0.45552830188679244 0.044074468085106386 0.07008490566037737
0 0.1606063829787234 0.5175471698113208 0.023696808510638295 0.026462264150943396
0 0.16367553191489362 0.5381698113207547 0.024574468085106386 0.03968867924528302
0 0.1851755319148936 0.5370094339622642 0.030718085106382978 0.048254716981132074
0 0.19570744680851065 0.5152169811320755 0.02281914893617021 0.03735849056603774
0 0.20623936170212767 0.49653773584905664 0.01930851063829787 0.02957547169811321
0 0.2931276595744681 0.480188679245283 0.021063829787234045 0.026462264150943396
0 0.24134574468085107 0.4930283018867925 0.023696808510638295 0.028792452830188678
0 0.2463936170212766 0.5237735849056604 0.025888297872340427 0.049811320754716976
0 0.27030851063829786 0.5004245283018869 0.023696808510638295 0.02957547169811321
0 0.272281914893617 0.5319433962264151 0.02676595744680851 0.04280188679245283
0 0.3045372340425532 0.5101509433962264 0.026329787234042553 0.045915094339622646
0 0.30717021276595746 0.5580188679245283 0.035106382978723406 0.05915094339622642
0 0.34600000000000003 0.5218301886792452 0.034664893617021277 0.05836792452830188
0 0.34556382978723404 0.5805849056603773 0.02852127659574468 0.0560377358490566
0 0.35104787234042556 0.48797169811320756 0.027207446808510637 0.031132075471698113
0 0.3466595744680851 0.4650188679245283 0.021063829787234045 0.013226415094339623
0 0.39405319148936174 0.4564528301886792 0.018430851063829787 0.033462264150943395
0 0.3995372340425532 0.5000377358490565 0.031154255319148935 0.052141509433962265
0 0.45504787234042554 0.5268867924528302 0.035106382978723406 0.062264150943396226
0 0.4227925531914894 0.45879245283018866 0.020622340425531918 0.04280188679245283
0 0.4339840425531915 0.4299905660377359 0.018430851063829787 0.031905660377358494
0 0.4563617021276596 0.4436132075471698 0.02281914893617021 0.02957547169811321
0 0.46206914893617024 0.469688679245283 0.02808510638297872 0.03813207547169811
0 0.4881755319148936 0.4074245283018868 0.011845744680851063 0.024122641509433964
0 0.5037553191489361 0.4124811320754717 0.015797872340425533 0.024905660377358488
0 0.7725265957446809 0.44322641509433963 0.039053191489361705 0.06770754716981131
0 0.8025851063829786 0.4155943396226415 0.029840425531914894 0.05759433962264151
0 0.8861808510638298 0.3895188679245283 0.033787234042553196 0.05681132075471698
0 0.9074627659574468 0.37901886792452827 0.021063829787234045 0.06070754716981132
0 0.9278670212765958 0.36383962264150943 0.03203191489361702 0.0630377358490566
0 0.9541968085106384 0.3564433962264151 0.025888297872340427 0.0560377358490566
0 0.9803031914893617 0.3416603773584906 0.02896276595744681 0.04047169811320755
0 0.9451968085106384 0.2774528301886793 0.021941489361702128 0.033462264150943395
0 0.9557287234042553 0.2572169811320755 0.01930851063829787 0.02100943396226415
0 0.5131914893617021 0.49886792452830186 0.029398936170212768 0.046698113207547166
0 0.5120904255319149 0.4654056603773585 0.03335106382978723 0.02957547169811321
0 0.5101170212765958 0.44478301886792454 0.020622340425531918 0.01789622641509434
0 0.532718085106383 0.42260377358490564 0.02281914893617021 0.03735849056603774
0 0.5816436170212766 0.3595566037735849 0.01096808510638298 0.020235849056603774
0 0.597877659574468 0.35722641509433967 0.015356382978723404 0.026462264150943396
0 0.617404255319149 0.3416603773584906 0.013164893617021277 0.024905660377358488
0 0.6314468085106383 0.3366037735849057 0.009654255319148935 0.024122641509433964
0 0.5496117021276595 0.43971698113207547 0.024132978723404253 0.03735849056603774
0 0.574404255319149 0.3938018867924528 0.01930851063829787 0.01712264150943396
0 0.5733085106382978 0.41326415094339625 0.02325531914893617 0.01867924528301887
0 0.5825212765957447 0.43077358490566037 0.027643617021276594 0.024122641509433964
0 0.5996329787234043 0.4140377358490566 0.022377659574468085 0.03891509433962264
0 0.5886648936170213 0.4665754716981132 0.039053191489361705 0.0599245283018868
0 0.6189414893617021 0.4510094339622641 0.029398936170212768 0.06459433962264151
0 0.6187234042553191 0.3883584905660378 0.01930851063829787 0.031132075471698113
0 0.6426382978723405 0.3412735849056604 0.01272340425531915 0.028792452830188678
0 0.6667712765957446 0.400811320754717 0.02676595744680851 0.04047169811320755
0 0.6566808510638298 0.38524528301886796 0.01623404255319149 0.02957547169811321
0 0.6544840425531915 0.3463301886792453 0.01272340425531915 0.024905660377358488
0 0.6593138297872341 0.3327075471698113 0.011845744680851063 0.019452830188679247
0 0.6729148936170213 0.33387735849056605 0.014478723404255319 0.031132075471698113
0 0.6966117021276597 0.3973018867924528 0.029398936170212768 0.04902830188679245
0 0.7865691489361702 0.30274528301886794 0.018867021276595744 0.031132075471698113
0 0.8587553191489362 0.3179245283018868 0.018430851063829787 0.030349056603773586
0 0.8548031914893617 0.3743490566037736 0.030718085106382978 0.05915094339622642
0 0.8756489361702128 0.3451603773584906 0.025010638297872343 0.03968867924528302
0 0.743127659574468 0.3988584905660378 0.031154255319148935 0.050584905660377356
0 0.7804255319148936 0.39030188679245287 0.02676595744680851 0.04902830188679245
0 0.7817393617021277 0.35411320754716985 0.025888297872340427 0.031132075471698113
0 0.8778404255319149 0.31286792452830187 0.020622340425531918 0.032688679245283014
0 0.8918829787234043 0.2980754716981132 0.020622340425531918 0.03891509433962264
0 0.9017553191489361 0.28406603773584904 0.018430851063829787 0.0280188679245283
0 0.8401010638297873 0.3085849056603774 0.01623404255319149 0.03968867924528302
0 0.816627659574468 0.3257075471698113 0.01404255319148936 0.031905660377358494
0 0.8030212765957447 0.3214245283018868 0.020186170212765957 0.03735849056603774
0 0.7709893617021277 0.31442452830188683 0.015797872340425533 0.031132075471698113
0 0.7512446808510638 0.3295943396226415 0.01930851063829787 0.027235849056603773
0 0.7457606382978723 0.30975471698113205 0.015356382978723404 0.020235849056603774
0 0.7299627659574468 0.3416603773584906 0.017111702127659577 0.026462264150943396
0 0.7297446808510639 0.32181132075471697 0.014920212765957447 0.019452830188679247
0 0.7124095744680851 0.3245377358490566 0.01623404255319149 0.0280188679245283
0 0.6858617021276596 0.3315377358490566 0.012287234042553193 0.021792452830188682
0 0.6878351063829787 0.3490566037735849 0.018867021276595744 0.025679245283018865