0 0.751171875 0.6076388888888888 0.12734375 0.2013888888888889
0 0.921875 0.44166666666666665 0.0828125 0.125
0 0.930078125 0.33611111111111114 0.04765625 0.075
0 0.901953125 0.2875 0.03828125 0.058333333333333334
0 0.85546875 0.23680555555555555 0.028125 0.043055555555555555
0 0.8171875 0.24444444444444444 0.0265625 0.05555555555555555
0 0.69296875 0.45416666666666666 0.0890625 0.13333333333333333
0 0.721875 0.3263888888888889 0.0515625 0.07222222222222222
0 0.64296875 0.3277777777777778 0.053125 0.075
0 0.591796875 0.3576388888888889 0.05390625 0.06805555555555555
0 0.54609375 0.2951388888888889 0.040625 0.059722222222222225
0 0.50234375 0.34097222222222223 0.04375 0.05416666666666667
0 0.44765625 0.35694444444444445 0.0421875 0.06388888888888888
0 0.411328125 0.33541666666666664 0.03203125 0.06805555555555555
0 0.403515625 0.43333333333333335 0.08359375 0.12222222222222222
0 0.41875 0.5694444444444444 0.115625 0.14444444444444443
0 0.283203125 0.66875 0.14921875 0.31805555555555554
0 0.2625 0.46319444444444446 0.0765625 0.08194444444444444
0 0.26796875 0.3347222222222222 0.0515625 0.09722222222222222
0 0.240234375 0.37916666666666665 0.05078125 0.08333333333333333
0 0.17734375 0.38819444444444445 0.065625 0.10416666666666667
0 0.16640625 0.5263888888888889 0.0859375 0.17777777777777778
0 0.05 0.41944444444444445 0.0578125 0.08333333333333333