0 0.3803759398496241 0.7107936507936509 0.08210526315789474 0.17682539682539683
0 0.4867293233082707 0.6578835978835978 0.06135338345864662 0.12111111111111111
0 0.5772556390977444 0.7129100529100529 0.0781578947368421 0.1782010582010582
0 0.6925187969924812 0.731005291005291 0.07718045112781956 0.15037037037037038
0 0.7741353383458646 0.6780952380952381 0.07022556390977444 0.11698412698412698
0 0.8562406015037594 0.7170899470899471 0.07421052631578946 0.13925925925925925
0 0.8992857142857144 0.6606878306878307 0.06924812030075189 0.12111111111111111
0 0.9748872180451128 0.7254497354497356 0.050263157894736836 0.13645502645502644
0 0.3205263157894737 0.6237566137566137 0.05936090225563909 0.11973544973544974
0 0.24932330827067667 0.5416402116402117 0.05541353383458647 0.09746031746031747
0 0.3912781954887218 0.5443915343915344 0.05244360902255639 0.11417989417989417
0 0.3482330827067669 0.4775661375661376 0.06330827067669173 0.10026455026455026
0 0.22556390977443608 0.4393121693121693 0.04552631578947368 0.09608465608465609
0 0.5347368421052632 0.57994708994709 0.05838345864661654 0.09883597883597883
0 0.6514661654135339 0.5750264550264551 0.05838345864661654 0.09746031746031747
0 0.7523684210526316 0.5604232804232804 0.06233082706766917 0.10444444444444444
0 0.6885714285714286 0.4998412698412698 0.05342105263157895 0.08074074074074074
0 0.5599624060150376 0.4929100529100529 0.0474812030075188 0.07518518518518519
0 0.4907142857142857 0.4671428571428572 0.04552631578947368 0.09328042328042327
0 0.3952255639097744 0.4016931216931217 0.03857142857142857 0.07380952380952381
0 0.2839473684210526 0.3870899470899471 0.04552631578947368 0.08354497354497355
0 0.19537593984962406 0.3822222222222222 0.05045112781954887 0.09052910052910053
0 0.47785714285714287 0.41285714285714287 0.04353383458646617 0.07380952380952381
0 0.5777443609022557 0.42677248677248675 0.04353383458646617 0.07380952380952381
0 0.6786842105263158 0.4219047619047619 0.04552631578947368 0.08634920634920636
0 0.7642481203007518 0.4393121693121693 0.04056390977443609 0.0682010582010582
0 0.8557518796992482 0.4469312169312169 0.04154135338345865 0.07518518518518519
0 0.9467669172932331 0.44835978835978835 0.0474812030075188 0.07518518518518519
0 0.9171052631578946 0.39333333333333337 0.03759398496240601 0.057089947089947087
0 0.8527819548872181 0.3842857142857143 0.03364661654135338 0.06126984126984127
0 0.7724812030075188 0.3738095238095238 0.0374436090225564 0.06121693121693122
0 0.6166541353383459 0.36095238095238097 0.04146616541353383 0.06693121693121694
0 0.5428195488721804 0.3616931216931217 0.0374436090225564 0.06835978835978836
0 0.43454887218045113 0.3431746031746032 0.04349624060150376 0.07687830687830688
0 0.3470300751879699 0.33888888888888885 0.044511278195488724 0.06264550264550264
0 0.3272932330827068 0.29619047619047617 0.03338345864661654 0.06264550264550264
0 0.2256015037593985 0.2797883597883598 0.034398496240601505 0.06693121693121694
0 0.16139097744360903 0.30968253968253967 0.04146616541353383 0.07264550264550265
0 0.12597744360902255 0.2634391534391534 0.035413533834586466 0.06264550264550264
0 0.11684210526315789 0.21788359788359787 0.029323308270676692 0.051269841269841264
0 0.20334586466165414 0.24206349206349206 0.028345864661654136 0.05412698412698413
0 0.2706390977443609 0.25132275132275134 0.0374436090225564 0.05555555555555555
0 0.2468796992481203 0.224973544973545 0.032368421052631574 0.048412698412698414
0 0.18413533834586465 0.20433862433862432 0.04045112781954887 0.05555555555555555
0 0.15022556390977443 0.16375661375661374 0.0374436090225564 0.06264550264550264
0 0.0930827067669173 0.1907936507936508 0.03845864661654135 0.06835978835978836
0 0.08345864661654136 0.1367195767195767 0.03338345864661654 0.051269841269841264
0 0.06981203007518796 0.07761904761904762 0.028345864661654136 0.03275132275132275
0 0.0637218045112782 0.050529100529100535 0.024285714285714285 0.04126984126984127
0 0.05210526315789474 0.02492063492063492 0.029323308270676692 0.03846560846560847
0 0.12748120300751878 0.08402116402116402 0.028345864661654136 0.048412698412698414
0 0.10774436090225564 0.03846560846560847 0.02733082706766917 0.048412698412698414
0 0.17958646616541354 0.08328042328042329 0.023270676691729324 0.04698412698412699
0 0.21296992481203006 0.1367195767195767 0.029323308270676692 0.05978835978835979
0 0.22917293233082708 0.1837037037037037 0.029323308270676692 0.04555555555555555
0 0.9631954887218044 0.35455026455026456 0.044511278195488724 0.05693121693121693
0 0.9454887218045113 0.33037037037037037 0.023270676691729324 0.0426984126984127
0 0.9389097744360902 0.29619047619047617 0.030338345864661654 0.037037037037037035
0 0.8736466165413533 0.28835978835978837 0.03135338345864662 0.04698412698412699
0 0.7294736842105263 0.03417989417989418 0.028345864661654136 0.03989417989417989
0 0.775 0.047724867724867726 0.020225563909774435 0.03846560846560847
0 0.7486842105263158 0.04201058201058201 0.020225563909774435 0.03846560846560847
0 0.7957518796992481 0.051269841269841264 0.0212406015037594 0.03417989417989418
0 0.8265789473684211 0.04984126984126984 0.030338345864661654 0.0426984126984127
0 0.8549248120300752 0.04984126984126984 0.01819548872180451 0.03417989417989418
0 0.8868045112781955 0.05481481481481481 0.019210526315789477 0.029894179894179897
0 0.9181578947368421 0.05195767195767196 0.02530075187969925 0.03846560846560847
0 0.5326691729323308 0.013333333333333334 0.014511278195488721 0.02666666666666667
0 0.5109022556390977 0.011798941798941798 0.015601503759398498 0.023544973544973546
0 0.4891729323308271 0.010211640211640212 0.02120300751879699 0.020423280423280423
0 0.4568045112781955 0.010211640211640212 0.02342105263157895 0.020423280423280423
0 0.42890977443609024 0.00783068783068783 0.02342105263157895 0.015714285714285715
0 0.31958646616541353 0.01962962962962963 0.030112781954887216 0.03925925925925926
0 0.27109022556390977 0.017248677248677246 0.033458646616541354 0.03455026455026455
0 0.3943233082706767 0.2975132275132275 0.036804511278195486 0.06751322751322751
0 0.4607142857142857 0.3163492063492063 0.03571428571428571 0.06439153439153439
0 0.5075563909774435 0.2983068783068783 0.033458646616541354 0.05026455026455026
0 0.5103383458646616 0.24650793650793654 0.03458646616541353 0.05650793650793651
0 0.4361654135338346 0.2723809523809524 0.03571428571428571 0.06121693121693122
0 0.3173684210526316 0.2315873015873016 0.036804511278195486 0.051798941798941796
0 0.2961654135338346 0.1939153439153439 0.030112781954887216 0.051798941798941796
0 0.2677443609022556 0.14915343915343915 0.029022556390977443 0.053386243386243384
0 0.24763157894736842 0.11619047619047619 0.029022556390977443 0.05026455026455026
0 0.20469924812030077 0.04476190476190477 0.025639097744360902 0.04555555555555555
0 0.2281203007518797 0.07693121693121693 0.030112781954887216 0.040846560846560846
0 0.26939849624060147 0.07613756613756614 0.030112781954887216 0.03608465608465609
0 0.2844736842105263 0.10126984126984127 0.020075187969924812 0.03608465608465609
0 0.3006390977443609 0.1201058201058201 0.025639097744360902 0.04238095238095238
0 0.31624060150375943 0.14915343915343915 0.032368421052631574 0.040846560846560846
0 0.3424812030075188 0.1106878306878307 0.022293233082706764 0.04867724867724867
0 0.3636466165413534 0.15148148148148147 0.026766917293233085 0.03925925925925926
0 0.36421052631578943 0.19862433862433862 0.032368421052631574 0.04867724867724867
0 0.38093984962406013 0.23238095238095238 0.027894736842105264 0.040846560846560846
0 0.4255639097744361 0.15227513227513229 0.03458646616541353 0.04708994708994709
0 0.5008646616541353 0.18920634920634918 0.031240601503759402 0.03925925925925926
0 0.45289473684210524 0.1774074074074074 0.031240601503759402 0.040846560846560846
0 0.4356015037593985 0.21507936507936506 0.027894736842105264 0.037671957671957676
0 0.6297368421052632 0.2975132275132275 0.036804511278195486 0.06121693121693122
0 0.6565037593984963 0.27005291005291004 0.032368421052631574 0.05026455026455026
0 0.8126691729323308 0.19862433862433862 0.02342105263157895 0.04238095238095238
0 0.7607894736842106 0.17190476190476192 0.02454887218045113 0.03925925925925926
0 0.768045112781955 0.19862433862433862 0.025639097744360902 0.032962962962962965
0 0.9102631578947368 0.14994708994708994 0.029022556390977443 0.04238095238095238
0 0.9046992481203008 0.335978835978836 0.040150375939849624 0.05026455026455026
0 0.6895488721804511 0.336984126984127 0.04105263157894737 0.06164021164021164
0 0.7579323308270677 0.31867724867724867 0.02736842105263158 0.04814814814814815
0 0.841390977443609 0.3514285714285714 0.035563909774436096 0.040423280423280424
0 0.8304511278195489 0.3234920634920635 0.03281954887218045 0.03851851851851852
0 0.8119924812030076 0.28111111111111114 0.028721804511278193 0.04619047619047619
0 0.8338721804511279 0.26666666666666666 0.025977443609022557 0.04428571428571428
0 0.38240601503759397 0.17042328042328042 0.020526315789473684 0.055820105820105825
0 0.5595488721804511 0.3205820105820106 0.0218796992481203 0.04814814814814815
0 0.31875939849624063 0.08566137566137567 0.02462406015037594 0.052010582010582014
0 0.3769172932330827 0.08857142857142856 0.023270676691729324 0.034656084656084656
0 0.3967669172932331 0.03275132275132275 0.0218796992481203 0.04238095238095238
0 0.4336842105263158 0.036560846560846565 0.01913533834586466 0.030793650793650797
0 0.3748496240601504 0.055820105820105825 0.01913533834586466 0.023121693121693123
0 0.35022556390977444 0.023121693121693123 0.0218796992481203 0.04238095238095238
0 0.15323308270676692 0.01634920634920635 0.030112781954887216 0.03275132275132275
0 0.16894736842105262 0.05296296296296296 0.020526315789473684 0.03275132275132275
0 0.4343984962406015 0.09724867724867724 0.028721804511278193 0.04814814814814815
0 0.49184210526315797 0.14058201058201059 0.028721804511278193 0.04238095238095238
0 0.5082706766917293 0.11264550264550265 0.025977443609022557 0.03275132275132275
0 0.5773308270676691 0.3003703703703704 0.03281954887218045 0.05391534391534391
0 0.5821428571428571 0.2541798941798942 0.025977443609022557 0.03851851851851852
0 0.5588721804511279 0.22719576719576717 0.036954887218045115 0.06164021164021164
0 0.9111654135338346 0.11455026455026454 0.0218796992481203 0.028888888888888888
0 0.8776691729323308 0.1424867724867725 0.023270676691729324 0.04238095238095238
0 0.8756015037593985 0.11841269841269841 0.016428571428571428 0.021164021164021163
0 0.8030827067669173 0.08857142857142856 0.016428571428571428 0.02693121693121693
0 0.8318045112781954 0.12037037037037036 0.01913533834586466 0.036560846560846565
0 0.9460526315789474 0.07412698412698412 0.017781954887218048 0.02502645502645503
0 0.9419548872180451 0.128994708994709 0.020526315789473684 0.023121693121693123
0 0.9624812030075187 0.19640211640211638 0.020526315789473684 0.03851851851851852
0 0.9248496240601504 0.2204761904761905 0.01913533834586466 0.040423280423280424
0 0.8701127819548872 0.22814814814814813 0.02462406015037594 0.036560846560846565
0 0.8872180451127819 0.19544973544973543 0.017781954887218048 0.036560846560846565
0 0.6990977443609023 0.09724867724867724 0.01913533834586466 0.03275132275132275
0 0.6293233082706767 0.06835978835978836 0.01913533834586466 0.03275132275132275
0 0.6423308270676692 0.028888888888888888 0.017781954887218048 0.04619047619047619
0 0.5985714285714285 0.06259259259259259 0.025977443609022557 0.040423280423280424
0 0.5561278195488722 0.06259259259259259 0.020526315789473684 0.03275132275132275
0 0.5007518796992481 0.05005291005291006 0.02462406015037594 0.034656084656084656
0 0.4719924812030075 0.05005291005291006 0.0218796992481203 0.03851851851851852
0 0.6990977443609023 0.27825396825396825 0.0218796992481203 0.04814814814814815
0 0.7613533834586467 0.2455026455026455 0.025977443609022557 0.04428571428571428
0 0.7497368421052631 0.27920634920634924 0.02462406015037594 0.03851851851851852
0 0.7298872180451128 0.19158730158730158 0.023270676691729324 0.040423280423280424
0 0.5390601503759398 0.14153439153439154 0.030112781954887216 0.04814814814814815
0 0.5855639097744361 0.14058201058201059 0.0218796992481203 0.03851851851851852
0 0.6471052631578947 0.13957671957671958 0.01913533834586466 0.040423280423280424
0 0.6464285714285714 0.11455026455026454 0.020526315789473684 0.02502645502645503
0 0.6560150375939849 0.0952910052910053 0.020526315789473684 0.028888888888888888
0 0.678609022556391 0.07026455026455027 0.01368421052631579 0.028888888888888888
0 0.7312781954887219 0.14153439153439154 0.023270676691729324 0.036560846560846565
0 0.7032330827067669 0.18386243386243387 0.02462406015037594 0.040423280423280424
0 0.7100751879699247 0.21952380952380954 0.01913533834586466 0.04238095238095238
0 0.6108646616541353 0.23777777777777775 0.025977443609022557 0.04814814814814815
0 0.6703383458646617 0.21846560846560847 0.0318796992481203 0.04486772486772487
0 0.9354511278195489 0.5065608465608465 0.062067669172932334 0.06375661375661376
0 0.8582706766917294 0.49592592592592594 0.062067669172932334 0.061375661375661375
0 0.6543984962406014 0.1841798941798942 0.03357142857142857 0.04248677248677248
0 0.6233458646616541 0.21137566137566138 0.0318796992481203 0.04015873015873016
0 0.6778947368421052 0.14285714285714285 0.020150375939849627 0.04486772486772487
0 0.5713157894736842 0.10978835978835978 0.018458646616541355 0.0353968253968254
0 0.45808270676691726 0.09444444444444446 0.013421052631578946 0.03777777777777778
0 0.5696616541353383 0.01650793650793651 0.018458646616541355 0.028359788359788363
0 0.6166165413533835 0.022433862433862434 0.025150375939849624 0.0353968253968254
0 0.624172932330827 0.10862433862433864 0.020150375939849627 0.04248677248677248
0 0.5545488721804511 0.18185185185185185 0.025150375939849624 0.028359788359788363
0 0.5931578947368421 0.18894179894179894 0.0318796992481203 0.028359788359788363
0 0.48240601503759395 0.10507936507936508 0.02180451127819549 0.04015873015873016