0 0.96684 0.5964317841079461 0.02199 0.03970014992503748
0 0.9246599999999999 0.5987856071964017 0.02468 0.05113943028485757
0 0.87238 0.5755772113943028 0.01795 0.024887556221889057
0 0.8423099999999999 0.586671664167916 0.02244 0.025562218890554725
0 0.8178500000000001 0.5678410794602698 0.02199 0.04305847076461769
0 0.78734 0.5725487256371814 0.03186 0.04979010494752624
0 0.76512 0.5557271364317842 0.01705 0.03499250374812594
0 0.7404400000000001 0.5594302848575712 0.02513 0.042383808095952026
0 0.71127 0.5674962518740629 0.01795 0.042383808095952026
0 0.67829 0.5385757121439281 0.0166 0.03026986506746627
0 0.96011 0.6694302848575712 0.04443 0.08343328335832084
0 0.87798 0.6182908545727136 0.02917 0.05247376311844078
0 0.8324400000000001 0.6213193403298352 0.035 0.05584707646176912
0 0.90446 0.7535232383808096 0.06506999999999999 0.11437781109445279
0 0.79699 0.6431934032983508 0.04039 0.07266866566716641
0 0.75189 0.6236731634182908 0.03904 0.06190404797601199
0 0.70499 0.6532833583208396 0.05116 0.102263868065967
0 0.6897300000000001 0.5776011994002999 0.02656 0.04700149925037481
0 0.66687 0.632623688155922 0.02361 0.06635682158920539
0 0.65543 0.5695802098950525 0.01918 0.046446776611694156
0 0.6515599999999999 0.5380509745127436 0.01807 0.016596701649175413
0 0.6434500000000001 0.5270014992503748 0.01438 0.016596701649175413
0 0.60693 0.5173163418290855 0.01512 0.03151424287856072
0 0.5859099999999999 0.5341829085457271 0.01734 0.022113943028485756
0 0.59992 0.5706896551724138 0.023239999999999997 0.042023988005997
0 0.63127 0.5679160419790105 0.02545 0.049775112443778115
0 0.58086 0.5633733133433283 0.0172 0.03800599700149925
0 0.7755299999999999 0.828095952023988 0.09145 0.14932533733133432
0 0.57769 0.7418890554722638 0.067 0.12353823088455773
0 0.5740700000000001 0.6380359820089955 0.04708 0.08145427286356821
0 0.27526 0.9047826086956522 0.13944 0.18598200899550224
0 0.06043 0.748680659670165 0.10808 0.16154422788605696
0 0.41773000000000005 0.6835232383808096 0.07726999999999999 0.1294752623688156
0 0.46273000000000003 0.6310494752623689 0.04 0.08178410794602699
0 0.49773 0.5867466266866567 0.037270000000000005 0.06679160419790105
0 0.26955 0.6630734632683658 0.059090000000000004 0.1131184407796102
0 0.28045 0.5778860569715142 0.05182 0.05724137931034483
0 0.35136 0.5847076461769115 0.04636 0.07359820089955023
0 0.16863999999999998 0.6174212893553224 0.06455 0.10904047976011995
0 0.08591 0.5608545727136431 0.05364 0.09677661169415291
0 0.01636 0.5479010494752623 0.032729999999999995 0.08449775112443778
0 0.05182 0.5213343328335832 0.032729999999999995 0.06406296851574213
0 0.52227 0.548935532233883 0.03491 0.047736131934032984
0 0.53761 0.5104047976011994 0.01803 0.03623688155922039
0 0.51383 0.510119940029985 0.014960000000000001 0.03335832083958021
0 0.49465 0.5092503748125937 0.0188 0.03853073463268366
0 0.47737999999999997 0.4865367316341829 0.014960000000000001 0.01265367316341829
0 0.47317000000000004 0.5155772113943028 0.020329999999999997 0.03737631184407796
0 0.45188 0.5348425787106447 0.02225 0.05061469265367316
0 0.45456 0.4971814092953523 0.01995 0.022428785607196404
0 0.41889 0.5446326836581709 0.028390000000000002 0.058665667166416795
0 0.38494 0.5308245877061469 0.03337 0.05406296851574213
0 0.40949 0.5023538230884558 0.0188 0.01782608695652174
0 0.16322 0.5385907046476762 0.044109999999999996 0.0569415292353823
0 0.22133 0.5480809595202398 0.03606 0.07706146926536732
0 0.28578 0.5242128935532233 0.030690000000000002 0.05233883058470764
0 0.3345 0.5055172413793103 0.026850000000000002 0.04485757121439281
0 0.55315 0.5127136431784108 0.01228 0.028185907046476763
0 0.09245 0.49862068965517237 0.039130000000000005 0.02530734632683658
0 0.12007 0.49028485757121437 0.026850000000000002 0.04428785607196402
0 0.15727000000000002 0.4733133433283358 0.026850000000000002 0.03910044977511244
0 0.19602 0.48769115442278865 0.024550000000000002 0.03910044977511244
0 0.0422 0.4730284857571214 0.02225 0.028185907046476763
0 0.053700000000000005 0.4413943028485757 0.024550000000000002 0.0327736131934033
0 0.08266 0.47215892053973013 0.03567 0.024152923538230883
0 0.08938 0.4482908545727136 0.024550000000000002 0.013223388305847078
0 0.12678 0.45778110944527733 0.02417 0.01955022488755622
0 0.14959999999999998 0.443688155922039 0.02071 0.01782608695652174
0 0.18393 0.4494452773613193 0.0211 0.035082458770614694
0 0.24915 0.48712143928035984 0.022629999999999997 0.03910044977511244
0 0.28789 0.48079460269865065 0.023399999999999997 0.03335832083958021
0 0.29825 0.3749625187406297 0.016489999999999998 0.029910044977511242
0 0.02135 0.4407346326836582 0.019620000000000002 0.038920539730134936
0 0.01731 0.48917541229385303 0.033460000000000004 0.03373313343328336
0 0.00779 0.45328335832083955 0.01558 0.04152923538230884
0 0.21637 0.46409295352323837 0.01846 0.018170914542728636
0 0.22127000000000002 0.4900449775112444 0.02481 0.03200899550224888
0 0.23512 0.45631184407796105 0.02019 0.0216191904047976
0 0.37263999999999997 0.5037481259370314 0.019489999999999997 0.023373313343328334
0 0.31456 0.46751124437781105 0.01871 0.026881559220389803
0 0.25882 0.45115442278860574 0.01559 0.019865067466266866
0 0.37751 0.4753973013493253 0.01988 0.030974512743628186
0 0.42195 0.49673163418290855 0.01676 0.03272863568215892
0 0.40012000000000003 0.49293853073463273 0.01442 0.02395802098950525
0 0.39115 0.4897151424287856 0.00974 0.02922038980509745
0 0.35841 0.47773613193403297 0.013640000000000001 0.028635682158920543
0 0.34594 0.46722638680659667 0.01286 0.025127436281859074
0 0.32937 0.4622488755622189 0.009349999999999999 0.022203898050974512