0 0.20609444444444447 0.6642916666666666 0.1155888888888889 0.25080833333333336
0 0.2753805555555556 0.8395833333333333 0.182575 0.32083333333333336
0 0.5390055555555556 0.6708125 0.10347222222222222 0.25551250000000003
0 0.7136805555555555 0.8569458333333334 0.18106666666666668 0.2861125
0 0.9356472222222222 0.8308708333333333 0.12870277777777778 0.2922958333333333
0 0.8093222222222222 0.6738833333333333 0.11830833333333333 0.24498750000000002
0 0.852725 0.5785541666666667 0.08007222222222223 0.20988333333333334
0 0.9309416666666667 0.47371250000000004 0.06895555555555556 0.14186666666666667
0 0.8637999999999999 0.4690958333333333 0.05606944444444444 0.1354125
0 0.9829527777777778 0.48032916666666664 0.034091666666666666 0.16066249999999999
0 0.6944 0.5313541666666667 0.10227222222222222 0.19048333333333334
0 0.7544583333333333 0.4477708333333334 0.04511944444444445 0.1427625
0 0.5628305555555556 0.4919291666666667 0.05245277777777778 0.10885833333333333
0 0.6324722222222222 0.46334166666666665 0.055349999999999996 0.1016875
0 0.5381833333333333 0.426875 0.053594444444444445 0.10375
0 0.4580194444444444 0.508125 0.09348333333333333 0.16347083333333332
0 0.5071138888888889 0.5113041666666667 0.06758611111111111 0.14205
0 0.3270138888888889 0.5454625 0.07037777777777778 0.15203333333333333
0 0.29734166666666667 0.6198041666666666 0.11101666666666668 0.20349583333333332
0 0.39320555555555553 0.4984833333333333 0.082375 0.13307916666666667
0 0.2926138888888889 0.49622083333333333 0.06325555555555555 0.100775
0 0.2225111111111111 0.4686833333333333 0.09420277777777777 0.19570416666666668
0 0.101925 0.47435000000000005 0.07055833333333333 0.14314166666666667
0 0.11416666666666667 0.6441250000000001 0.10159166666666668 0.2021375
0 0.026925 0.41922916666666665 0.05385277777777778 0.12734583333333332