0 0.5287916666666667 0.6134666666666666 0.09394166666666667 0.1925925925925926
0 0.5215916666666667 0.4302962962962963 0.058333333333333334 0.12794074074074074
0 0.6340916666666666 0.3791259259259259 0.043941666666666664 0.09293333333333333
0 0.7231083333333334 0.3824888888888889 0.04620833333333334 0.08081481481481481
0 0.7583333333333333 0.5326666666666667 0.0697 0.16026666666666667
0 0.8412916666666667 0.45320000000000005 0.07196666666666666 0.11447407407407406
0 0.8215916666666666 0.3542074074074074 0.041666666666666664 0.06733333333333334
0 0.920075 0.41414814814814815 0.037125 0.12256296296296297
0 0.9670416666666667 0.3993333333333334 0.052274999999999995 0.1064
0 0.957575 0.5104444444444445 0.05605833333333333 0.12391111111111111
0 0.978375 0.6 0.04310833333333333 0.1468
0 0.953375 0.8747407407407408 0.09159166666666667 0.24108148148148148
0 0.20113333333333336 0.8579111111111112 0.14620833333333333 0.27743703703703704
0 0.07879166666666666 0.5515111111111111 0.09090833333333334 0.18182222222222222
0 0.204925 0.4323259259259259 0.056816666666666675 0.11044444444444444
0 0.32575833333333337 0.5198666666666667 0.08333333333333333 0.15354074074074076
0 0.377275 0.41077037037037034 0.053033333333333335 0.11582222222222223
0 0.39735 0.3313185185185185 0.04318333333333333 0.05386666666666667
0 0.4030333333333333 0.2882222222222222 0.03181666666666667 0.01885925925925926
0 0.5106083333333333 0.3373777777777778 0.042425 0.05521481481481482
0 0.5943166666666666 0.35084444444444446 0.032575 0.08484444444444444
0 0.16098333333333334 0.3697037037037037 0.03560833333333333 0.08214814814814815
0 0.11818333333333332 0.4053925925925926 0.04848333333333333 0.10774814814814815
0 0.010983333333333333 0.35285925925925926 0.021966666666666666 0.09965925925925925