0 0.9911458333333333 0.34498827208756844 0.016661458333333334 0.029139953088350275
0 0.9220729166666667 0.30551211884284596 0.01628125 0.027263487099296324
0 0.8697864583333333 0.30527756059421424 0.01816145833333333 0.024910086004691166
0 0.8356614583333334 0.29000000000000004 0.01628125 0.02537920250195465
0 0.7874427083333334 0.2860046911649726 0.01628125 0.02584831899921814
0 0.9795260416666667 0.3771853010164191 0.014088541666666668 0.02584831899921814
0 0.9704479166666666 0.3809460516028147 0.0059479166666666665 0.02773260359655981
0 0.9582395833333333 0.38376856919468333 0.014088541666666668 0.047474589523064895
0 0.939453125 0.3922283033620016 0.019723958333333333 0.047474589523064895
0 0.9212916666666667 0.41784206411258795 0.02723958333333333 0.04794370602032838
0 0.8917031249999999 0.43382329945269743 0.030682291666666663 0.05827990617670055
0 0.891546875 0.3844722439405786 0.01596875 0.031024237685691947
0 0.9054791666666666 0.3727208756841282 0.020666666666666667 0.03196247068021892
0 0.8824687499999999 0.340992963252541 0.01721875 0.02773260359655981
0 0.8567916666666666 0.36496481626270527 0.018473958333333332 0.02584831899921814
0 0.8401979166666667 0.393635652853792 0.025989583333333333 0.04465207193119625
0 0.8564791666666667 0.32054730258014075 0.01721875 0.0282017200938233
0 0.8376927083333333 0.33629397967161845 0.01721875 0.03619233776387803
0 0.8209427083333334 0.341704456606724 0.01503125 0.036661454261141514
0 0.793859375 0.31984362783424547 0.019098958333333336 0.02867083659108679
0 0.7937031250000001 0.349687255668491 0.01690625 0.0282017200938233
0 0.777578125 0.35439405785770134 0.019098958333333336 0.0282017200938233
0 0.7728854166666667 0.33042220484753715 0.014088541666666668 0.01785770132916341
0 0.8041927083333333 0.416903831118061 0.032875 0.04699765441751368
0 0.824703125 0.4787099296325254 0.03569270833333334 0.0653322908522283
0 0.859453125 0.4592025019546521 0.03444270833333333 0.05827990617670055
0 0.7619270833333334 0.4201954652071931 0.03225 0.05734167318217358
0 0.7547239583333333 0.37765441751368256 0.025359375 0.024910086004691166
0 0.7428281250000001 0.35368256450351837 0.020348958333333333 0.02303362001563722
0 0.7340572916666667 0.32054730258014075 0.01721875 0.020680218921032056
0 0.7403229166666667 0.3355903049257232 0.014713541666666666 0.010344018764659891
0 0.7295208333333334 0.2993979671618452 0.013776041666666666 0.015043002345582484
0 0.7160572916666667 0.2749569976544175 0.012526041666666666 0.02256450351837373
0 0.7014947916666666 0.28200938232994527 0.011583333333333333 0.023502736512900704
0 0.6869375000000001 0.27308053166536356 0.010020833333333333 0.01974198592650508
0 0.6612656250000001 0.26250195465207193 0.013151041666666667 0.02303362001563722
0 0.6800520833333333 0.29563721657544956 0.013151041666666667 0.02537920250195465
0 0.694765625 0.34405003909304144 0.017531249999999998 0.03383893666927287
0 0.6636093750000001 0.3421735731039875 0.020979166666666667 0.03196247068021892
0 0.6420104166666667 0.29399530883502734 0.013463541666666667 0.024910086004691166
0 0.6338697916666667 0.28130570758405005 0.012838541666666667 0.024910086004691166
0 0.6116354166666667 0.2923455824863175 0.013463541666666667 0.020680218921032056
0 0.6027135416666667 0.266731821735731 0.013776041666666666 0.02303362001563722
0 0.613203125 0.3210164190774042 0.014088541666666668 0.02537920250195465
0 0.5698385416666666 0.27166536356528537 0.01503125 0.020680218921032056
0 0.547296875 0.26579358874120407 0.012526041666666666 0.02303362001563722
0 0.5779791666666667 0.29963252541047697 0.013151041666666667 0.021149335418295542
0 0.5876874999999999 0.3243080531665364 0.020666666666666667 0.01974198592650508
0 0.5867447916666666 0.34734167318217357 0.025046875000000003 0.031024237685691947
0 0.63840625 0.3583893666927287 0.017531249999999998 0.02679437060203284
0 0.6518697916666666 0.37107896794370604 0.021916666666666664 0.03336982017200938
0 0.6690885416666668 0.41102423768569196 0.0325625 0.05217357310398749
0 0.7137083333333333 0.3995152462861611 0.025989583333333333 0.03948397185301016
0 0.7540989583333333 0.5322908522283033 0.043520833333333335 0.08131352619233777
0 0.6405989583333334 0.48364347146207975 0.04696354166666667 0.06673964034401876
0 0.6268229166666667 0.4211336982017201 0.03444270833333333 0.04794370602032838
0 0.6645520833333334 0.589632525410477 0.056046875 0.1170367474589523
0 0.12770833333333334 0.9135652853792026 0.15985416666666669 0.17084440969507428
0 0.506921875 0.6716419077404222 0.08600520833333333 0.1564972634870993
0 0.5208229166666667 0.543831118060985 0.058208333333333334 0.0912900703674746
0 0.5464479166666667 0.4551524628616106 0.052125 0.07824863174354965
0 0.42569270833333334 0.4786239249413604 0.04691145833333333 0.08346364347146208
0 0.3427239583333333 0.5881782642689601 0.07731770833333333 0.1330258014073495
0 0.202421875 0.5405707584050039 0.07818750000000001 0.10824863174354964
0 0.180265625 0.4525410476935105 0.07558333333333334 0.05999218139171228
0 0.045609374999999994 0.45710711493354184 0.063421875 0.07955433932759969
0 0.016072916666666666 0.40559030492572323 0.03214583333333333 0.04173573103987491
0 0.07514583333333333 0.3397341673182173 0.030406250000000003 0.04825645035183737
0 0.024760416666666667 0.3364738076622361 0.033880208333333335 0.04695074276778733
0 0.048651041666666665 0.2993041438623925 0.0260625 0.032603596559812355
0 0.17983333333333332 0.3938545738858483 0.04517708333333333 0.05477716966379984
0 0.1342239583333333 0.37755277560594214 0.03735416666666667 0.06129788897576232
0 0.1741875 0.34560594214229867 0.03214583333333333 0.03651290070367475
0 0.2832135416666667 0.4134167318217357 0.04691145833333333 0.06520719311962471
0 0.34098958333333335 0.4440656763096169 0.04952083333333333 0.07955433932759969
0 0.38095312499999995 0.3873338545738858 0.035619791666666664 0.0573807662236122
0 0.452625 0.3938545738858483 0.034749999999999996 0.06520719311962471
0 0.5260416666666666 0.39511336982017203 0.031526041666666664 0.035222830336200155
0 0.52915625 0.3637451133698202 0.026026041666666666 0.02200938232994527
0 0.5383177083333333 0.34724003127443315 0.024562499999999998 0.027513682564503518
0 0.5377708333333333 0.31972634870992966 0.021260416666666667 0.02421422986708366
0 0.5429010416666666 0.2990852228303362 0.012463541666666666 0.015957779515246285
0 0.5249375 0.29055512118842847 0.015395833333333333 0.025316653635652855
0 0.5143072916666667 0.30788897576231433 0.013932291666666667 0.026966379984362784
0 0.452359375 0.3194448788115715 0.018328124999999997 0.031368256450351836
0 0.4356770833333333 0.34695856137607506 0.01503125 0.024761532447224396
0 0.4171666666666667 0.35604378420641125 0.024927083333333332 0.04512118842845973
0 0.46738541666666666 0.3106411258795934 0.014661458333333332 0.028068803752931977
0 0.4873645833333333 0.2949569976544175 0.011364583333333334 0.02200938232994527
0 0.48076562500000003 0.2751446442533229 0.012098958333333333 0.015410476935105551
0 0.46225520833333333 0.2773494917904613 0.011729166666666667 0.019812353401094607
0 0.4477760416666667 0.2883580922595778 0.012828125 0.0209147771696638
0 0.4369635416666667 0.31009382329945273 0.011729166666666667 0.02586395621579359
0 0.4235833333333333 0.287529319781079 0.012098958333333333 0.02256450351837373
0 0.4078177083333333 0.29330727130570755 0.014296874999999999 0.02421422986708366
0 0.39168749999999997 0.28147771696637996 0.012098958333333333 0.018162627052384677
0 0.3935208333333333 0.3043158717748241 0.01796354166666667 0.028616106333072714
0 0.36841145833333333 0.3183502736512901 0.018328124999999997 0.03577013291634089
0 0.367859375 0.2878029710711493 0.017229166666666667 0.023111806098514463
0 0.336703125 0.31999999999999995 0.024562499999999998 0.0346677091477717
0 0.33816666666666667 0.28945269741985924 0.023828125 0.02421422986708366
0 0.2895989583333333 0.36126661454261144 0.021994791666666666 0.0335652853792025
0 0.2630208333333333 0.35631743549648165 0.030427083333333334 0.04127443315089914
0 0.29857812499999997 0.3004612978889758 0.020161458333333333 0.03191555903049257
0 0.27291666666666664 0.3040422204847537 0.023093750000000003 0.0346677091477717
0 0.286296875 0.2891790461297889 0.0080625 0.015957779515246285
0 0.24230729166666667 0.28642689601250976 0.019796875 0.028068803752931977
0 0.230578125 0.3246755277560594 0.023463541666666664 0.04071931196247068
0 0.21261458333333336 0.287529319781079 0.019796875 0.026966379984362784
0 0.17448958333333334 0.31752150117279127 0.02272916666666667 0.016505082095387022
0 0.15268229166666666 0.3177951524628616 0.01942708333333333 0.028068803752931977
0 0.16826041666666666 0.2941360437842064 0.027125 0.024761532447224396
0 0.12702083333333333 0.33458170445660673 0.031161458333333333 0.02200938232994527
0 0.1169375 0.30953870211102424 0.028593749999999998 0.021462079749804533
0 0.12152083333333333 0.2889053948397185 0.022359375 0.0209147771696638
0 0.08541145833333334 0.3065129007036747 0.025661458333333335 0.02200938232994527