0 0.6349818181818182 0.6907650273224043 0.03541818181818182 0.06442622950819672
0 0.7524363636363636 0.6893442622950819 0.033563636363636365 0.05885245901639344
0 0.7258909090909091 0.7446994535519126 0.045672727272727275 0.0546448087431694
0 0.7841454545454545 0.7047540983606557 0.033563636363636365 0.06726775956284153
0 0.899309090909091 0.7019672131147542 0.03821818181818182 0.05885245901639344
0 0.9077090909090909 0.7524043715846994 0.05127272727272727 0.06163934426229508
0 0.9641090909090909 0.7461202185792349 0.06341818181818182 0.09387978142076503
0 0.3235272727272727 0.6760655737704918 0.04287272727272727 0.05743169398907104
0 0.022836363636363637 0.6984699453551912 0.03636363636363636 0.0910928961748634
0 0.0648 0.7615300546448088 0.06247272727272727 0.06863387978142077
0 0.061527272727272736 0.6851366120218579 0.03541818181818182 0.07568306010928962
0 0.15523636363636362 0.6620218579234973 0.027054545454545456 0.05185792349726776
0 0.18741818181818182 0.7019672131147542 0.041018181818181815 0.07846994535519125
0 0.2177090909090909 0.7222950819672131 0.047563636363636363 0.07704918032786885
0 0.24614545454545453 0.7047540983606557 0.029854545454545457 0.053224043715847