0 0.40680468750000004 0.616630859375 0.1015625 0.189736328125
0 0.5122734375 0.497353515625 0.0870546875 0.146484375
0 0.740515625 0.592216796875 0.1238828125 0.157646484375
0 0.8063593750000001 0.497353515625 0.0636171875 0.115791015625
0 0.9347109375 0.618720703125 0.1104921875 0.146484375
0 0.696984375 0.497353515625 0.0770078125 0.073935546875
0 0.703125 0.401787109375 0.075890625 0.092080078125
0 0.549109375 0.391318359375 0.0669609375 0.076728515625
0 0.467078125 0.389228515625 0.0457578125 0.089287109375
0 0.42633593750000004 0.4248046875 0.078125 0.112998046875
0 0.2901796875 0.442939453125 0.0669609375 0.121376953125
0 0.177453125 0.5419921875 0.109375 0.18275390625
0 0.10992968750000001 0.40318359375 0.088171875 0.1171875
0 0.1841484375 0.3662109375 0.0669609375 0.099052734375
0 0.166296875 0.282509765625 0.0691953125 0.059990234375
0 0.10992968750000001 0.24693359375 0.056921875 0.103232421875
0 0.036828125 0.21763671875 0.0513359375 0.072548828125
0 0.0418515625 0.3466796875 0.0703125 0.107421875
0 0.07421875 0.02650390625 0.041296875 0.053017578125
0 0.138390625 0.132529296875 0.033484375 0.04185546875
0 0.22265625 0.22740234375 0.052453125 0.083701171875
0 0.21428906250000002 0.13671875 0.0357109375 0.050224609375
0 0.2505546875 0.13671875 0.0234375 0.030693359375
0 0.3487734375 0.186240234375 0.0390625 0.062783203125
0 0.40569531249999996 0.18275390625 0.0323671875 0.06138671875
0 0.482703125 0.237861328125 0.041296875 0.054404296875
0 0.45703125 0.20716796875 0.041296875 0.043251953125
0 0.43359375 0.181357421875 0.025671875 0.044638671875
0 0.46875 0.1708984375 0.0267890625 0.04603515625
0 0.3755546875 0.166015625 0.025671875 0.053017578125
0 0.357140625 0.127646484375 0.03125 0.04603515625
0 0.9092421875 0.34435546875 0.0435703125 0.070380859375
0 0.9447656249999999 0.328017578125 0.0221171875 0.054462890625
0 0.9802031250000001 0.357763671875 0.03803125 0.055302734375
0 0.9156093750000001 0.277744140625 0.0361953125 0.052783203125
0 0.9065546875000001 0.231669921875 0.030164062499999998 0.03267578125
0 0.9159453125000001 0.1994140625 0.0221171875 0.0318359375
0 0.8100390624999999 0.32927734375 0.036867187499999995 0.062001953125
0 0.7272578125 0.2903125 0.0442421875 0.06787109375
0 0.684359375 0.274814453125 0.0348515625 0.05865234375
0 0.5848203125 0.26015625 0.052953125000000004 0.06451171875
0 0.5741015625 0.211142578125 0.0315 0.0318359375
0 0.59990625 0.200244140625 0.0308359375 0.043564453125
0 0.661234375 0.204853515625 0.0315 0.044404296875
0 0.703125 0.19228515625 0.033515625 0.03435546875
0 0.7748515625 0.265185546875 0.0361953125 0.044404296875
0 0.776859375 0.216162109375 0.0348515625 0.045244140625
0 0.850921875 0.19228515625 0.03284375 0.039375
0 0.5245 0.188515625 0.03284375 0.05697265625
0 0.5777812499999999 0.16505859375 0.0308359375 0.033515625
0 0.79696875 0.185166015625 0.0294921875 0.02345703125
0 0.9913203125000001 0.2341796875 0.0173671875 0.036025390625
0 0.29592968750000004 0.163798828125 0.030164062499999998 0.044404296875
0 0.3840703125 0.328017578125 0.0750703125 0.072890625
0 0.34921875 0.276494140625 0.048257812500000004 0.078759765625
0 0.2728046875 0.322578125 0.06300781250000001 0.0837890625
0 0.7112812500000001 0.2451171875 0.029234375 0.02142578125