0 0.7351951219512196 0.16106019151846784 0.014014634146341463 0.03161422708618331
0 0.6864487804878049 0.1392749658002736 0.012795121951219512 0.02563611491108071
0 0.7525609756097561 0.17259917920656634 0.013404878048780489 0.015383036935704513
0 0.7464682926829268 0.18968536251709986 0.01706341463414634 0.029049247606019152
0 0.6995463414634147 0.17644322845417235 0.01462439024390244 0.02819425444596443
0 0.7955219512195122 0.21147742818057455 0.015234146341463415 0.02819425444596443
0 0.8330000000000001 0.23155266757865936 0.020717073170731706 0.029049247606019152
0 0.9195268292682927 0.2879480164158687 0.02924878048780488 0.03246922024623803
0 0.9524341463414634 0.2999110807113543 0.028029268292682926 0.03930232558139535
0 0.9829024390243902 0.32169630642954855 0.03046829268292683 0.052120383036935704
0 0.9588341463414634 0.4126949384404925 0.07617073170731707 0.13670998632010944
0 0.8595073170731707 0.30546511627906975 0.029858536585365855 0.053830369357045146
0 0.8744341463414633 0.27683994528043776 0.020717073170731706 0.04101231190150479
0 0.8122829268292683 0.25248974008207936 0.028029268292682926 0.03503419972640219
0 0.7677951219512196 0.2541997264021888 0.02559512195121951 0.04357729138166895
0 0.577980487804878 0.12859097127222982 0.012795121951219512 0.02819425444596443
0 0.6291658536585366 0.15508207934336524 0.011575609756097562 0.02990424076607387
0 0.6434878048780488 0.16191518467852256 0.01706341463414634 0.02990424076607387
0 0.6824878048780487 0.19267441860465115 0.01584390243902439 0.02990424076607387
0 0.6870585365853659 0.2200205198358413 0.022546341463414634 0.04528727770177838
0 0.7409853658536585 0.21745554035567716 0.01828292682926829 0.03332421340629275
0 0.724839024390244 0.2580437756497948 0.0335170731707317 0.06151846785225718
0 0.5164341463414635 0.12004787961696306 0.016453658536585366 0.02990424076607387
0 0.461590243902439 0.10851573187414501 0.016453658536585366 0.02563611491108071
0 0.3741512195121951 0.08971956224350204 0.019497560975609757 0.03246922024623803
0 0.4442243902439024 0.11876880984952119 0.01584390243902439 0.03759233926128591
0 0.45884878048780486 0.1392749658002736 0.01706341463414634 0.034179206566347466
0 0.48809756097560975 0.13457592339261287 0.019497560975609757 0.03332421340629275
0 0.5115609756097561 0.15807113543091655 0.024985365853658535 0.04101231190150479
0 0.5657951219512196 0.18926128590971272 0.023765853658536586 0.04015731874145007
0 0.5874243902439025 0.1730232558139535 0.01706341463414634 0.03503419972640219
0 0.6407463414634146 0.192250341997264 0.023765853658536586 0.03075923392612859
0 0.6087512195121951 0.2264295485636115 0.026809756097560977 0.04101231190150479
0 0.573409756097561 0.24095075239398084 0.041439024390243905 0.0666484268125855
0 0.4963268292682927 0.19481532147742817 0.031078048780487807 0.05980848153214774
0 0.4250292682926829 0.16746922024623803 0.028639024390243902 0.04784541723666211
0 0.35708780487804875 0.11577975376196992 0.02315609756097561 0.036744186046511626
0 0.332409756097561 0.11962380300957591 0.024985365853658535 0.03246922024623803
0 0.3360634146341463 0.1670451436388509 0.032297560975609756 0.0623734610123119
0 0.02833658536585366 0.04656634746922025 0.049356097560975615 0.0726265389876881
0 0.22089268292682926 0.08202462380300958 0.032297560975609756 0.04101231190150479
0 0.23490731707317072 0.13030095759233926 0.03717073170731707 0.05895348837209302
0 0.1432 0.16234610123119014 0.05849756097560976 0.08544459644322845
0 0.2879219512195122 0.38492476060191516 0.13101463414634146 0.25034883720930234
0 0.36074146341463414 0.22599863201094392 0.04509268292682927 0.07946648426812586
0 0.4783512195121951 0.3058891928864569 0.07068780487804878 0.13841997264021888
0 0.8183756097560976 0.3328043775649795 0.039 0.057250341997264025
0 0.7577414634146341 0.3238303693570451 0.05057560975609757 0.0769015047879617
0 0.7007658536585366 0.40073187414500683 0.0731219512195122 0.135
0 0.7056439024390243 0.6169083447332421 0.17305853658536585 0.2392407660738714