0 0.31334001001502254 0.15684447783621336 0.021387080620931396 0.037708489857250185
0 0.25024536805207814 0.1279639368895567 0.02032048072108162 0.03610067618332081
0 0.21041061592388582 0.11432006010518407 0.015508262393590384 0.02807663410969196
0 0.20025037556334502 0.13678437265214125 0.017646469704556838 0.03610067618332081
0 0.15533299949924886 0.10188580015026297 0.017646469704556838 0.02888054094665665
0 0.12833249874812216 0.08824943651389931 0.018182273410115173 0.02888054094665665
0 0.13742113169754633 0.11151765589782119 0.021387080620931396 0.02728024042073629
0 0.07966950425638457 0.046934635612321564 0.0171106659989985 0.024868519909842225
0 0.09785177766649975 0.09867768595041322 0.019248873309964946 0.03369646882043576
0 0.06764146219328994 0.06177310293012772 0.017646469704556838 0.030488354620586026
0 0.0756634952428643 0.09025544703230653 0.019784677015523285 0.0312847483095417
0 0.060691036554832246 0.096671675432006 0.02085127691537306 0.042516904583020286
0 0.04090635953930896 0.060172802404207366 0.018713069604406607 0.03529676934635612
0 0.019248873309964946 0.041720510894064616 0.022458688032048073 0.03369646882043576
0 0.01684526790185278 0.07661908339594291 0.01657486229344016 0.03930879038317055
0 0.005348022033049574 0.08102930127723516 0.010696044066099149 0.051344853493613826
0 0.04491737606409615 0.13036814425244178 0.02459689534301452 0.050540946656649134
0 0.06175763645468202 0.16205860255447033 0.026199298948422635 0.05455296769346356
0 0.07753129694541813 0.19254695717505632 0.034221331997997 0.059368895567242674
0 0.08929894842263396 0.2438918106686702 0.03314972458688032 0.06418482344102179
0 0.12378567851777666 0.14240420736288503 0.02406109163745618 0.042516904583020286
0 0.1815322984476715 0.15082644628099173 0.021922884326489735 0.03851239669421488
0 0.1558688032048072 0.170480841472577 0.02727090635953931 0.040916604057099924
0 0.16763144717075612 0.20618332081142 0.031547320981472206 0.051344853493613826
0 0.1430345518277416 0.26073628850488356 0.034757135703555334 0.0529526671675432
0 0.1700400600901352 0.29563486100676184 0.03743114672008012 0.0681893313298272
0 0.21816224336504758 0.17770097670924118 0.022458688032048073 0.042516904583020286
0 0.26227341011517274 0.16888054094665664 0.021922884326489735 0.037708489857250185
0 0.2839308963445168 0.18812922614575509 0.021387080620931396 0.037708489857250185
0 0.3275112669003505 0.18291510142749812 0.019784677015523285 0.03851239669421488
0 0.3745668502754131 0.19414725770097674 0.019784677015523285 0.01764838467317806
0 0.378042063094642 0.2186175807663411 0.019248873309964946 0.037708489857250185
0 0.4427391086629945 0.21781367392937642 0.023525287931897846 0.04573253193087903
0 0.27885327991987985 0.2194214876033058 0.02406109163745618 0.040916604057099924
0 0.3344616925388082 0.23345604808414727 0.02085127691537306 0.041720510894064616
0 0.36226840260390586 0.26274229902329077 0.021922884326489735 0.0473328324567994
0 0.44006509764646967 0.267152516904583 0.023525287931897846 0.02888054094665665
0 0.4793690535803705 0.26915852742299023 0.019784677015523285 0.044124718256949656
0 0.4983475212819229 0.29282494365138995 0.02459689534301452 0.04492862509391435
0 0.5614471707561343 0.3160931630353118 0.025668502754131194 0.04813673929376408
0 0.28526790185277917 0.2539143501126972 0.029409113670505756 0.03930879038317055
0 0.26280921382073114 0.2944327573253193 0.034757135703555334 0.0529526671675432
0 0.20800200300450675 0.35821187077385425 0.03635953930896345 0.07300525920360632
0 0.3077265898848272 0.31168294515401956 0.033685528292438656 0.06498121712997745
0 0.3408763144717076 0.2884147257700977 0.02727090635953931 0.0633809166040571
0 0.43044066099148726 0.30446280991735536 0.027806710065097648 0.05214876033057851
0 0.42937406109163745 0.35059353869271226 0.025668502754131194 0.04011269722013524
0 0.5042313470205309 0.34296769346356126 0.027806710065097648 0.03930879038317055
0 0.589248873309965 0.3586100676183321 0.023525287931897846 0.04652892561983471
0 0.6039559339008512 0.3947182569496619 0.026199298948422635 0.051344853493613826
0 0.017646469704556838 0.3882945154019535 0.035292939409113676 0.10268970698722765
0 0.09330495743615423 0.5062283996994741 0.06255883825738608 0.10750563486100677
0 0.28954431647471207 0.42761081893313296 0.04330996494742113 0.07701728024042075
0 0.3267100650976465 0.3774680691209617 0.035292939409113676 0.05695717505634861
0 0.3970205307961943 0.4484673178061608 0.042243365047571355 0.08022539444027048
0 0.43044066099148726 0.39511645379413973 0.03208312468703054 0.05856498873027799
0 0.49113169754631947 0.3782719759579264 0.029409113670505756 0.060172802404207366
0 0.5764196294441662 0.4312171299774606 0.034221331997997 0.05695717505634861
0 0.5331046569854782 0.48777610818933137 0.03101151727591387 0.06257700976709242
0 0.4964797195793691 0.47574755822689707 0.042243365047571355 0.04332081141998497
0 0.49113169754631947 0.5270924117205108 0.039033550325488234 0.07540946656649136
0 0.5994091136705058 0.5692111194590533 0.04491737606409615 0.06979714500375658
0 0.640050075112669 0.5146506386175808 0.03635953930896345 0.06177310293012772
0 0.6654481722583876 0.44565740045078883 0.030480721081622433 0.05856498873027799
0 0.7092939409113671 0.41958677685950413 0.026199298948422635 0.051344853493613826
0 0.7122333500250375 0.5182644628099173 0.03101151727591387 0.06257700976709242
0 0.6806860290435653 0.5720135236664162 0.03849774661992989 0.07540946656649136
0 0.7387030545818728 0.4552892561983471 0.02085127691537306 0.0473328324567994
0 0.8173059589384076 0.5230803906836965 0.030480721081622433 0.06578512396694215
0 0.8480520781171758 0.5824417731029301 0.029944917376064095 0.06257700976709242
0 0.8897596394591888 0.5375206611570248 0.03635953930896345 0.060969196093163036
0 0.9400200300450676 0.6073178061607813 0.03314972458688032 0.06257700976709242
0 0.9879218828242364 0.6113298271975958 0.024156234351527292 0.073809166040571