0 0.3544625 0.3136704119850187 0.025 0.038782771535580525
0 0.41607500000000003 0.35848314606741577 0.025 0.05082397003745318
0 0.30357500000000004 0.36852059925093633 0.044637500000000004 0.06286516853932585
0 0.3433 0.46080524344569285 0.0580375 0.10299625468164794
0 0.14375 0.5022659176029962 0.1125 0.2153558052434457
0 0.44420000000000004 0.38724719101123595 0.0366125 0.09230337078651685
0 0.465175 0.3524531835205993 0.0267875 0.06822097378277153
0 0.5044625 0.36717228464419477 0.033925000000000004 0.07357677902621723
0 0.525 0.3484456928838951 0.019637500000000002 0.060187265917603
0 0.5692 0.3658426966292135 0.022324999999999998 0.041460674157303375
0 0.5486625 0.5089700374531836 0.0669625 0.15917602996254682
0 0.8303625 0.5557865168539327 0.0892875 0.19127340823970038
0 0.803575 0.4414044943820225 0.0517875 0.08827715355805243
0 0.94375 0.4601310861423221 0.044637500000000004 0.08294007490636704
0 0.8602625 0.41198501872659177 0.04375 0.07758426966292135
0 0.7392875 0.3999438202247191 0.0357125 0.06153558052434457
0 0.7683 0.39926966292134836 0.027675 0.04949438202247191
0 0.7044625000000001 0.3912546816479401 0.0303625 0.07089887640449438
0 0.6723250000000001 0.3691760299625468 0.028575 0.058857677902621724
0 0.646425 0.38724719101123595 0.0178625 0.04949438202247191
0 0.6258874999999999 0.37185393258426963 0.019637500000000002 0.06421348314606741
0 0.2022375 0.2989513108614232 0.0258875 0.041460674157303375
0 0.1866125 0.28758426966292133 0.0178625 0.02408239700374532
0 0.2665125 0.22807116104868916 0.0205375 0.030767790262172284
0 0.22857500000000003 0.2708614232209738 0.0125 0.02541198501872659
0 0.1580375 0.2849063670411985 0.028575 0.04814606741573034
0 0.11295 0.29694756554307117 0.0330375 0.042808988764044945
0 0.0803625 0.28022471910112356 0.0357125 0.04681647940074907
0 0.0433 0.25816479400749065 0.0258875 0.03745318352059925
0 0.0053625 0.2949438202247191 0.0107125 0.07089887640449438
0 0.058925 0.26149812734082395 0.016075 0.03612359550561797