0 0.325925 0.5604125 0.127775 0.19305
0 0.7916666666666666 0.384725 0.075925 0.15
0 0.9699083333333334 0.32916249999999997 0.06018333333333333 0.1166625
0 0.5560166666666667 0.3520875 0.07315 0.115275
0 0.4310166666666667 0.29445 0.06018333333333333 0.09445
0 0.24953333333333333 0.4118 0.09166666666666666 0.14305
0 0.14675833333333335 0.3458375 0.06018333333333333 0.0888875
0 0.1162 0.31527499999999997 0.03610833333333333 0.08333750000000001
0 0.7953666666666667 0.273 0.05860833333333333 0.064775
0 0.859375 0.273775 0.039591666666666664 0.07095
0 0.8737666666666667 0.2305875 0.026216666666666666 0.04165
0 0.9457500000000001 0.2579625 0.03341666666666667 0.0347
0 0.9519166666666666 0.2298125 0.03341666666666667 0.0185125
0 0.979175 0.2514125 0.04165833333333333 0.0385625
0 0.7809666666666666 0.22210000000000002 0.030850000000000002 0.0385625
0 0.70385 0.210925 0.03393333333333333 0.05783750000000001
0 0.7233833333333333 0.2070625 0.015425000000000001 0.039325
0 0.6745416666666667 0.21131250000000001 0.015425000000000001 0.03085
0 0.6161916666666666 0.2649125 0.035475 0.0732625
0 0.64935 0.230975 0.02365 0.051675000000000006
0 0.535725 0.2614375 0.030850000000000002 0.060149999999999995
0 0.5760833333333333 0.23907499999999998 0.026216666666666666 0.0385625
0 0.5928 0.21015 0.01645 0.031625
0 0.6115583333333333 0.21207499999999999 0.016966666666666665 0.0215875
0 0.6321249999999999 0.21285 0.014908333333333334 0.02005
0 0.364525 0.3123375 0.046275000000000004 0.0632375
0 0.39408333333333334 0.24447500000000003 0.027250000000000003 0.046275000000000004
0 0.4969083333333333 0.2170875 0.024166666666666666 0.0439625
0 0.5508916666666667 0.2144 0.016966666666666665 0.027762500000000002
0 0.5323833333333333 0.19588750000000002 0.014908333333333334 0.027762500000000002
0 0.28405833333333336 0.279175 0.039591666666666664 0.0586125
0 0.23084999999999997 0.25989999999999996 0.028791666666666663 0.055525000000000005
0 0.050124999999999996 0.2733875 0.0365 0.06555
0 0.14344166666666666 0.2521875 0.021591666666666665 0.027762500000000002
0 0.19665833333333335 0.2178625 0.016966666666666665 0.0269875
0 0.26940833333333336 0.23328749999999998 0.022625 0.030074999999999998
0 0.30590833333333334 0.2251875 0.020566666666666667 0.0370125
0 0.3347 0.2313625 0.019533333333333333 0.04165
0 0.457575 0.2124625 0.021591666666666665 0.039325
0 0.473775 0.19820000000000002 0.011825 0.016962500000000002
0 0.4195333333333333 0.22943750000000002 0.015425000000000001 0.033162500000000004
0 0.4329 0.2043625 0.013366666666666666 0.024675
0 0.41130833333333333 0.2078375 0.01645 0.0177375
0 0.38611666666666666 0.20513750000000003 0.01645 0.02005
0 0.3570666666666667 0.20629999999999998 0.014908333333333334 0.0223625
0 0.3696583333333333 0.19665 0.009258333333333334 0.013887499999999999
0 0.2149083333333333 0.2257875 0.014825 0.0264
0 0.23636666666666664 0.21885000000000002 0.0176 0.0227
0 0.22865 0.1943 0.014508333333333333 0.024550000000000002
0 0.25119166666666665 0.20818750000000003 0.010191666666666667 0.0217625
0 0.3188083333333333 0.1975375 0.010191666666666667 0.0180625
0 0.33579166666666665 0.2003125 0.015133333333333334 0.0134375
0 0.16210833333333333 0.21212499999999998 0.01790833333333333 0.0287125
0 0.129225 0.2362125 0.021308333333333332 0.0222375
0 0.10514166666666667 0.23135000000000003 0.01575 0.0319625
0 0.08676666666666667 0.2267125 0.017291666666666667 0.0189875
0 0.07163333333333333 0.229725 0.01235 0.0139
0 0.06545833333333333 0.22162500000000002 0.015441666666666668 0.024550000000000002
0 0.04755 0.2183875 0.014825 0.0125
0 0.1408 0.21745 0.012966666666666666 0.011575
0 0.13354166666666667 0.212825 0.010808333333333335 0.0217625
0 0.117025 0.214675 0.014825 0.0125
0 0.021925 0.26353750000000004 0.020383333333333333 0.042612500000000005
0 0.006333333333333333 0.2403875 0.012041666666666666 0.037975