0 0.88677 0.2613101160862355 0.015009999999999999 0.02857379767827529
0 0.8859400000000001 0.2961028192371476 0.01667 0.03364842454394693
0 0.84787 0.3076285240464345 0.01445 0.027197346600331674
0 0.81938 0.2972470978441128 0.01417 0.02396351575456053
0 0.87371 0.3009452736318408 0.00667 0.015671641791044775
0 0.77575 0.3421890547263682 0.00361 0.024427860696517412
0 0.78103 0.3454063018242123 0.00584 0.028109452736318406
0 0.79159 0.3479436152570481 0.01084 0.02764510779436153
0 0.81091 0.3546268656716418 0.01445 0.027197346600331674
0 0.83286 0.36154228855721393 0.02001 0.03271973466003317
0 0.8626 0.38021558872305145 0.02168 0.037794361525704805
0 0.9058099999999999 0.3751409618573798 0.024730000000000002 0.037794361525704805
0 0.8937200000000001 0.4120066334991708 0.04168 0.05346600331674959
0 0.97762 0.47053067993366504 0.04275 0.0792703150912106
0 0.91526 0.4760696517412935 0.05919 0.05714759535655058
0 0.9147000000000001 0.5269983416252072 0.06864 0.053913764510779436
0 0.9060900000000001 0.5834494195688226 0.07364 0.05253731343283582
0 0.89052 0.6740132669983416 0.09087 0.11936981757877281
0 0.9222100000000001 0.8582255389718076 0.15356999999999998 0.27830845771144275
0 0.10771 0.8661691542288557 0.022539999999999998 0.04177446102819237
0 0.08716 0.9227694859038141 0.02784 0.051658374792703146
0 0.1773 0.7936152570480929 0.022539999999999998 0.03737976782752902
0 0.22685 0.7590049751243781 0.02022 0.03517412935323383
0 0.23281 0.8543449419568822 0.027510000000000003 0.045621890547263684
0 0.14234 0.9721061359867329 0.037450000000000004 0.052487562189054725
0 0.19752 0.9329519071310117 0.03911 0.08628524046434495
0 0.28518 0.9043615257048093 0.03546 0.06980099502487563
0 0.19321000000000002 0.8777114427860696 0.02718 0.02199004975124378
0 0.16819 0.8854063018242122 0.0222 0.06044776119402986
0 0.21276 0.8274295190713101 0.019219999999999998 0.03572139303482587
0 0.34185000000000004 0.8537976782752903 0.0295 0.04232172470978441
0 0.28634 0.8153233830845771 0.02519 0.037927031509121065
0 0.26397000000000004 0.73893864013267 0.01823 0.03132669983416252
0 0.31766 0.764212271973466 0.01823 0.04341625207296849
0 0.38427 0.8367661691542289 0.03016 0.05880597014925373
0 0.38825 0.7919734660033168 0.0222 0.02527363184079602
0 0.41923 0.7944444444444445 0.03513 0.06101160862354892
0 0.36836 0.7317910447761193 0.02088 0.04011608623548922
0 0.34102 0.7754892205638474 0.02452 0.04177446102819237
0 0.34036 0.7216252072968491 0.020550000000000002 0.03517412935323383
0 0.316 0.6960696517412935 0.01823 0.0324212271973466
0 0.34135000000000004 0.6633665008291874 0.01591 0.02747927031509121
0 0.36951999999999996 0.6320398009950249 0.01193 0.02087893864013267
0 0.4015 0.6166500829187396 0.0116 0.02417910447761194
0 0.5083799999999999 0.9002487562189055 0.09743 0.14729684908789387
0 0.47623000000000004 0.7930679933665009 0.04441 0.061558872305140955
0 0.47358 0.7474626865671642 0.03049 0.026384742951907132
0 0.46563 0.720530679933665 0.02784 0.03296849087893864
0 0.44077 0.6803980099502487 0.01988 0.02857379767827529
0 0.40581 0.7098009950248756 0.02419 0.04122719734660033
0 0.5387000000000001 0.7315091210613599 0.037450000000000004 0.06925373134328358
0 0.5075500000000001 0.7188723051409619 0.02684 0.0560530679933665
0 0.57102 0.7158540630182422 0.0285 0.06540630182421227
0 0.5112 0.6724378109452737 0.02552 0.036815920398009946
0 0.52943 0.6427529021558872 0.01955 0.03132669983416252
0 0.44160000000000005 0.6158208955223881 0.01425 0.02802653399668325
0 0.42901 0.6034660033167496 0.0116 0.02199004975124378
0 0.42502999999999996 0.5792703150912106 0.01491 0.02087893864013267
0 0.44922 0.6012603648424544 0.01359 0.02199004975124378
0 0.45801 0.5886235489220564 0.01193 0.026384742951907132
0 0.47226 0.5798341625207296 0.011269999999999999 0.02087893864013267
0 0.48435 0.5622388059701492 0.01226 0.01868988391376451
0 0.48336 0.546301824212272 0.01292 0.014295190713101159
0 0.49976 0.5927363184079603 0.01723 0.02802653399668325
0 0.52379 0.5638971807628523 0.01226 0.02747927031509121
0 0.5382100000000001 0.5809286898839138 0.01392 0.02527363184079602
0 0.5387000000000001 0.5512437810945273 0.01226 0.02417910447761194
0 0.53423 0.5322885572139304 0.00994 0.02033167495854063
0 0.54948 0.5397014925373135 0.00928 0.02199004975124378
0 0.62852 0.7202487562189055 0.05733 0.10606965174129353
0 0.68983 0.6435820895522388 0.04739 0.08024875621890547
0 0.7203200000000001 0.6108789386401327 0.03811 0.07859038142620232
0 0.6392899999999999 0.6281923714759536 0.02784 0.053864013266998335
0 0.61261 0.6419402985074626 0.03148 0.053864013266998335
0 0.57582 0.6246268656716417 0.02022 0.03353233830845771
0 0.54798 0.6196683250414594 0.01823 0.030232172470978442
0 0.57251 0.6729850746268656 0.01955 0.01703150912106136
0 0.58626 0.6521061359867331 0.01193 0.026932006633499168
0 0.72297 0.38223880597014925 0.01292 0.0236318407960199
0 0.75064 0.5908126036484246 0.032479999999999995 0.061558872305140955
0 0.7634 0.5523548922056385 0.03347 0.0472636815920398
0 0.77334 0.5017910447761194 0.028829999999999998 0.0472636815920398
0 0.7856000000000001 0.466882255389718 0.02154 0.04232172470978441
0 0.80367 0.4580928689883914 0.01657 0.03572139303482587
0 0.78212 0.4352902155887231 0.020550000000000002 0.02527363184079602
0 0.76174 0.4110945273631841 0.01359 0.02747927031509121
0 0.7503099999999999 0.4127529021558872 0.00862 0.02527363184079602
0 0.74617 0.3995522388059702 0.008289999999999999 0.02087893864013267
0 0.7368899999999999 0.3976285240464345 0.00895 0.02033167495854063
0 0.74103 0.38169154228855723 0.011269999999999999 0.01263681592039801
0 0.65967 0.595771144278607 0.02088 0.042868988391376456
0 0.68684 0.5685572139303482 0.02154 0.04341625207296849
0 0.66398 0.552072968490879 0.02088 0.036815920398009946
0 0.67806 0.5229519071310116 0.0179 0.037927031509121065
0 0.70143 0.5182752902155887 0.02022 0.03407960199004975
0 0.69778 0.4927197346600332 0.01889 0.02253731343283582
0 0.7130299999999999 0.46797678275290217 0.01756 0.029121061359867327
0 0.6938 0.47238805970149256 0.01359 0.01703150912106136
0 0.6996 0.4372139303482587 0.01193 0.024726368159203982
0 0.6957899999999999 0.458922056384743 0.01226 0.01318407960199005
0 0.68022 0.4580928689883914 0.01226 0.01703150912106136
0 0.67508 0.41714759535655055 0.01061 0.01648424543946932
0 0.67723 0.43170812603648423 0.01226 0.015936981757877278
0 0.5977 0.6045605306799336 0.02287 0.02087893864013267
0 0.6124400000000001 0.5784577114427861 0.02187 0.03572139303482587
0 0.63432 0.5446600331674959 0.01392 0.02747927031509121
0 0.5745 0.589452736318408 0.01491 0.029121061359867327
0 0.57665 0.5702155887230513 0.01326 0.010447761194029851
0 0.58477 0.5078275290215589 0.0116 0.02087893864013267
0 0.62934 0.5234991708126037 0.01657 0.024726368159203982
0 0.63912 0.4965671641791045 0.016239999999999997 0.02253731343283582
0 0.62852 0.47320066334991706 0.01292 0.02308457711442786
0 0.574 0.527893864013267 0.01326 0.01703150912106136
0 0.58278 0.5581260364842454 0.01359 0.01814262023217247
0 0.59256 0.5476782752902156 0.01193 0.01374792703150912