0 0.11666666666666667 0.9407861792689034 0.095 0.10891337005508263
0 0.06666666666666667 0.6753880821231848 0.085 0.09639459188783175
0 0.016666666666666666 0.2772909364046069 0.03333333333333333 0.07886830245368052
0 0.15166666666666667 0.08324987481221832 0.05333333333333334 0.05633450175262894
0 0.1475 0.2028042063094642 0.05 0.07511266900350526
0 0.23958333333333334 0.40936404606910365 0.0675 0.09263895843765649
0 0.29875 0.6378317476214321 0.07416666666666667 0.07886830245368052
0 0.41125 0.9420380570856285 0.11916666666666667 0.1114171256885328
0 0.7520833333333333 0.8806960440660991 0.06916666666666667 0.11892839258888332
0 0.68125 0.6328242363545318 0.08416666666666667 0.14396594892338507
0 0.5470833333333334 0.4838507761642464 0.06416666666666666 0.10390585878818227
0 0.47833333333333333 0.30232849273910867 0.055 0.1014021031547321
0 0.3983333333333333 0.21657486229344017 0.06166666666666667 0.07260891337005508
0 0.33708333333333335 0.10077616424636955 0.05583333333333333 0.06885327991987981
0 0.30875 0.04444166249374061 0.05583333333333333 0.05132699048572859
0 0.9433333333333334 0.6659989984977466 0.07333333333333333 0.12268402603905859
0 0.8091666666666667 0.44191286930395596 0.06 0.11016524787180772
0 0.7095833333333333 0.38307461191787684 0.05416666666666667 0.09263895843765649
0 0.59875 0.15335503254882324 0.060833333333333336 0.0913870806209314
0 0.52 0.023785678517776666 0.03666666666666667 0.04757135703555333
0 0.7404166666666666 0.03880821231847772 0.0475 0.0701051577366049
0 0.8170833333333334 0.08637956935403104 0.050833333333333335 0.09263895843765649
0 0.8991666666666667 0.2259639459188783 0.05 0.09889834752128192
0 0.012916666666666667 0.485728592889334 0.025833333333333333 0.09514271407110667