0 0.89568345323741 0.5476795580110497 0.04316546762589928 0.07044198895027624
0 0.8233093525179856 0.5607734806629834 0.051258992805755396 0.08839779005524862
0 0.7679856115107914 0.4723756906077348 0.03776978417266187 0.08011049723756906
0 0.7194244604316546 0.549060773480663 0.0341726618705036 0.08701657458563536
0 0.6816546762589928 0.5483425414364641 0.046762589928057555 0.09944751381215469
0 0.6789568345323741 0.4786187845303867 0.03776978417266187 0.04005524861878453
0 0.578705035971223 0.4129834254143646 0.03147482014388489 0.06906077348066299
0 0.6137769784172662 0.40193370165745856 0.03507194244604316 0.07458563535911603
0 0.6902158273381295 0.4275138121546961 0.0368705035971223 0.062154696132596686
0 0.5566546762589928 0.5753038674033149 0.052158273381294966 0.09806629834254144
0 0.5552517985611511 0.48447513812154697 0.04057553956834532 0.08497237569060774
0 0.45884892086330936 0.4597237569060773 0.045179856115107914 0.07790055248618784
0 0.46715827338129495 0.5992265193370165 0.05442446043165468 0.09917127071823204
0 0.3606474820143885 0.5737569060773481 0.05532374100719425 0.11331491712707183
0 0.2642446043165467 0.580110497237569 0.06733812949640287 0.10060773480662984
0 0.26194244604316547 0.4738674033149171 0.0627338129496403 0.10060773480662984
0 0.16050359712230214 0.480939226519337 0.06086330935251799 0.09773480662983426
0 0.16050359712230214 0.5921546961325967 0.05902877697841727 0.11618784530386742
0 0.12636690647482016 0.37895027624309396 0.04241007194244604 0.07790055248618784
0 0.155863309352518 0.3307734806629834 0.0387410071942446 0.06657458563535912
0 0.15402877697841727 0.2804972375690608 0.033201438848920864 0.05950276243093922
0 0.2089208633093525 0.3768508287292817 0.0433453237410072 0.08215469613259668
0 0.28363309352517985 0.3959668508287293 0.03226618705035971 0.06657458563535912
0 0.31730215827338126 0.3456353591160221 0.036906474820143885 0.06513812154696132
0 0.3583453237410072 0.3938121546961326 0.03413669064748202 0.07933701657458563
0 0.38183453237410075 0.35629834254143644 0.027661870503597124 0.06657458563535912
0 0.535431654676259 0.35767955801104967 0.03413669064748202 0.06375690607734806
0 0.559388489208633 0.3137569060773481 0.03226618705035971 0.06657458563535912
0 0.4657913669064749 0.30883977900552484 0.029532374100719426 0.050994475138121546
0 0.9735251798561151 0.4200552486187845 0.030431654676258996 0.058066298342541435
0 0.9370863309352517 0.3938121546961326 0.029532374100719426 0.04535911602209945
0 0.8729856115107913 0.375414364640884 0.026762589928057554 0.04535911602209945
0 0.5727697841726619 0.1629281767955801 0.018453237410071942 0.02834254143646409
0 0.5266546762589928 0.1487292817679558 0.02028776978417266 0.03397790055248619
0 0.5349640287769785 0.1912707182320442 0.02028776978417266 0.02834254143646409
0 0.8213309352517986 0.21530386740331492 0.024892086330935252 0.031160220994475137
0 0.12312949640287768 0.15867403314917125 0.024892086330935252 0.0481767955801105
0 0.1664748201438849 0.1593922651933702 0.015683453237410074 0.0212707182320442
0 0.1987769784172662 0.1572375690607735 0.021223021582733814 0.03966850828729281
0 0.1641726618705036 0.18839779005524862 0.016618705035971224 0.031160220994475137
0 0.22690647482014387 0.17281767955801106 0.016618705035971224 0.03397790055248619
0 0.20615107913669065 0.28828729281767956 0.03226618705035971 0.06093922651933701
0 0.26748201438848923 0.29961325966850827 0.035035971223021586 0.055248618784530384
0 0.4052877697841727 0.30082872928176796 0.0391726618705036 0.05552486187845304
0 0.4128057553956835 0.37486187845303864 0.030143884892086335 0.08331491712707183
0 0.19737410071942446 0.22447513812154699 0.0331294964028777 0.06016574585635359
0 0.23528776978417265 0.2567403314917127 0.04456834532374101 0.07988950276243094
0 0.716546762589928 0.2907734806629834 0.024424460431654676 0.05629834254143646
0 0.8233812949640288 0.33138121546961324 0.026474820143884893 0.03751381215469613
0 0.8040647482014388 0.2845303867403315 0.032553956834532376 0.05
0 0.48345323741007196 0.20790055248618786 0.014244604316546762 0.028121546961325967
0 0.4132374100719424 0.19226519337016573 0.01629496402877698 0.0343646408839779
0 0.43460431654676257 0.19850828729281766 0.01830935251798561 0.04066298342541436
0 0.36640287769784174 0.18447513812154698 0.020359712230215828 0.03751381215469613
0 0.38471223021582734 0.18756906077348068 0.01629496402877698 0.03751381215469613
0 0.29719424460431654 0.26419889502762434 0.024424460431654676 0.05939226519337017
0 0.3511510791366907 0.2938674033149171 0.03460431654676259 0.05
0 0.27888489208633094 0.23762430939226517 0.028489208633093524 0.05
0 0.2575179856115108 0.17353591160220994 0.03053956834532374 0.0343646408839779
0 0.294136690647482 0.18132596685082872 0.01830935251798561 0.043756906077348064
0 0.3196043165467626 0.18132596685082872 0.01629496402877698 0.03751381215469613
0 0.3348561151079137 0.18756906077348068 0.014244604316546762 0.043756906077348064
0 0.32773381294964027 0.24386740331491713 0.020359712230215828 0.05629834254143646
0 0.9669064748201439 0.30950276243093927 0.020359712230215828 0.03751381215469613
0 0.8915827338129497 0.28138121546961326 0.020359712230215828 0.0312707182320442
0 0.8590287769784173 0.2688950276243094 0.020359712230215828 0.03751381215469613
0 0.8406834532374101 0.25795580110497235 0.01223021582733813 0.028121546961325967
0 0.6167985611510791 0.22668508287292818 0.01629496402877698 0.04066298342541436
0 0.668705035971223 0.2329281767955801 0.01830935251798561 0.0343646408839779
0 0.6920863309352518 0.23447513812154694 0.01223021582733813 0.043756906077348064
0 0.7266906474820144 0.2125966850828729 0.024424460431654676 0.03751381215469613
0 0.6341007194244604 0.24232044198895028 0.02237410071942446 0.05939226519337017
0 0.7501079136690647 0.24232044198895028 0.014244604316546762 0.0469060773480663
0 0.7684532374100719 0.256353591160221 0.01830935251798561 0.043756906077348064
0 0.5296762589928058 0.24033149171270718 0.02158273381294964 0.04419889502762431
0 0.5022661870503597 0.24933701657458565 0.022482014388489208 0.03729281767955801
0 0.3516187050359712 0.20718232044198895 0.014388489208633094 0.03314917127071823
0 0.8718705035971223 0.3080110497237569 0.026079136690647483 0.03591160220994475
0 0.8457913669064748 0.3266850828729282 0.024280575539568347 0.04558011049723757
0 0.8385971223021582 0.2866298342541437 0.02068345323741007 0.029005524861878452
0 0.9429136690647482 0.31839779005524865 0.02068345323741007 0.026243093922651933
0 0.914136690647482 0.31353591160220995 0.0170863309352518 0.024861878453038673
0 0.89568345323741 0.3328729281767956 0.01618705035971223 0.03591160220994475
0 0.7082014388489208 0.23552486187845306 0.0170863309352518 0.034530386740331494
0 0.5814028776978417 0.22585635359116024 0.026079136690647483 0.05110497237569061
0 0.46449640287769783 0.20237569060773483 0.02068345323741007 0.05110497237569061