0 0.021 0.20072222222222225 0.016964285714285713 0.0375
0 0.058499999999999996 0.2285 0.01875 0.034722222222222224
0 0.14821428571428572 0.2882222222222222 0.01607142857142857 0.029166666666666667
0 0.05135714285714286 0.33194444444444443 0.025892857142857145 0.05277777777777778
0 0.07635714285714286 0.32016666666666665 0.020535714285714286 0.05694444444444444
0 0.11875 0.45349999999999996 0.05178571428571429 0.07916666666666666
0 0.2732857142857143 0.3436666666666667 0.020535714285714286 0.03827777777777778
0 0.296 0.341 0.020535714285714286 0.02638888888888889
0 0.23260714285714285 0.4222222222222222 0.024107142857142858 0.041666666666666664
0 0.34778571428571425 0.3632222222222222 0.016964285714285713 0.0375
0 0.4494642857142857 0.37533333333333335 0.02325 0.03894444444444444
0 0.19210714285714287 0.2891111111111111 0.019642857142857142 0.03333333333333333
0 0.17782142857142857 0.29605555555555557 0.02325 0.036166666666666666
0 0.09828571428571428 0.3225 0.017857142857142856 0.03894444444444444
0 0.14832142857142858 0.36416666666666664 0.025035714285714286 0.0445
0 0.12778571428571428 0.38783333333333336 0.02325 0.04727777777777778
0 0.016964285714285713 0.29327777777777775 0.03039285714285714 0.04727777777777778
0 0.007142857142857143 0.2348888888888889 0.010714285714285714 0.036166666666666666
0 0.02325 0.2335 0.014285714285714285 0.027777777777777776
0 0.23232142857142857 0.392 0.032178571428571424 0.03894444444444444
0 0.29132142857142856 0.4322777777777778 0.025035714285714286 0.04727777777777778
0 0.3762142857142857 0.48788888888888887 0.02682142857142857 0.04727777777777778
0 0.44232142857142853 0.5129444444444444 0.02682142857142857 0.04172222222222222
0 0.3905 0.39061111111111113 0.019642857142857142 0.030555555555555555
0 0.3737857142857143 0.41338888888888886 0.022464285714285714 0.037222222222222226
0 0.256 0.3623888888888889 0.028607142857142855 0.05688888888888889
0 0.9464285714285714 0.7931111111111111 0.048035714285714286 0.049833333333333334
0 0.9427500000000001 0.8505555555555555 0.04310714285714286 0.10344444444444445
0 0.9008571428571429 0.8697222222222223 0.07510714285714286 0.13027777777777777
0 0.8817857142857143 0.7892777777777777 0.03692857142857143 0.046
0 0.8226428571428571 0.8007777777777777 0.046785714285714285 0.09194444444444445
0 0.7629285714285714 0.7538333333333334 0.03325 0.07472222222222222
0 0.7013571428571428 0.7796666666666667 0.0505 0.10727777777777778
0 0.5621785714285714 0.7949999999999999 0.07510714285714286 0.14177777777777778
0 0.3442142857142857 0.7145555555555556 0.09235714285714286 0.17622222222222222
0 0.21489285714285714 0.7059444444444444 0.1514642857142857 0.22794444444444445
0 0.10467857142857143 0.6427222222222222 0.10592857142857143 0.17816666666666667
0 0.058499999999999996 0.5191666666666667 0.09235714285714286 0.12261111111111112
0 0.011714285714285714 0.5076666666666666 0.023392857142857142 0.11494444444444445
0 0.14964285714285713 0.523 0.048035714285714286 0.08044444444444444
0 0.21614285714285716 0.5498333333333333 0.06774999999999999 0.09194444444444445
0 0.26785714285714285 0.5804444444444444 0.048035714285714286 0.06894444444444445
0 0.27153571428571427 0.5268333333333334 0.03817857142857143 0.06127777777777777
0 0.35467857142857145 0.5823888888888888 0.046785714285714285 0.07277777777777777
0 0.3405 0.5124444444444444 0.030785714285714284 0.047888888888888884
0 0.3103571428571429 0.45883333333333337 0.029571428571428568 0.044055555555555556
0 0.4150357142857143 0.6676111111111112 0.03939285714285714 0.09772222222222222
0 0.4205714285714286 0.6025 0.030785714285714284 0.05938888888888889
0 0.44210714285714287 0.5756666666666667 0.027107142857142857 0.05555555555555555
0 0.4950714285714286 0.5986666666666667 0.029571428571428568 0.05555555555555555
0 0.5357142857142857 0.6053888888888889 0.032035714285714285 0.057444444444444444
0 0.5172500000000001 0.6561111111111111 0.04185714285714286 0.06705555555555556
0 0.5437142857142857 0.6944444444444444 0.048035714285714286 0.07472222222222222
0 0.59175 0.6685555555555556 0.030785714285714284 0.057444444444444444
0 0.5517142857142857 0.6388888888888888 0.0345 0.05938888888888889
0 0.6256071428571428 0.6829444444444445 0.0345 0.06322222222222222
0 0.6391785714285714 0.7394444444444445 0.04185714285714286 0.09194444444444445
0 0.6835 0.7116666666666667 0.027107142857142857 0.04022222222222222
0 0.42242857142857143 0.4338888888888889 0.01725 0.02488888888888889
0 0.43164285714285716 0.40422222222222226 0.016 0.026833333333333334
0 0.43410714285714286 0.46649999999999997 0.02092857142857143 0.03638888888888889
0 0.3097142857142857 0.3716666666666667 0.016 0.026833333333333334
0 0.13360714285714284 0.3055555555555556 0.018464285714285714 0.04022222222222222