0 0.8115384615384615 0.20907488986784142 0.019576923076923075 0.03134361233480176
0 0.7708333333333334 0.22321585903083702 0.014679487179487178 0.01986784140969163
0 0.8021923076923078 0.2461453744493392 0.029358974358974357 0.053502202643171806
0 0.7695000000000001 0.24920704845814978 0.022692307692307692 0.041277533039647575
0 0.7465769230769231 0.26449339207048456 0.029358974358974357 0.06114537444933921
0 0.7957435897435897 0.3145594713656388 0.036923076923076927 0.09096916299559471
0 0.6882948717948718 0.3279295154185022 0.03737179487179487 0.07949339207048459
0 0.5975384615384615 0.42385462555066084 0.053384615384615385 0.12612334801762115
0 0.7601538461538461 0.5129074889867842 0.07252564102564103 0.174295154185022
0 0.6854102564102564 0.9387665198237886 0.18553846153846154 0.12246696035242291
0 0.36394871794871797 0.7097577092511014 0.09966666666666665 0.20715859030837003
0 0.6689487179487179 0.24803964757709251 0.013794871794871795 0.02370044052863436
0 0.6547051282051283 0.23810572687224668 0.01023076923076923 0.02370044052863436
0 0.6409102564102565 0.25799559471365635 0.013794871794871795 0.026762114537444936
0 0.626897435897436 0.24422907488986784 0.011564102564102563 0.025220264317180614
0 0.6462564102564102 0.27748898678414097 0.014679487179487178 0.033634361233480174
0 0.617102564102564 0.26295154185022024 0.013346153846153846 0.029052863436123347
0 0.5953076923076923 0.27213656387665197 0.018692307692307692 0.038215859030837004
0 0.5933076923076923 0.31416299559471367 0.022692307692307692 0.042797356828193835
0 0.551923076923077 0.2954405286343612 0.017346153846153844 0.042048458149779734
0 0.5661666666666667 0.2755726872246696 0.012897435897435899 0.02370044052863436
0 0.5757307692307693 0.27099118942731276 0.008012820512820512 0.022158590308370044
0 0.5468076923076923 0.26295154185022024 0.01067948717948718 0.024471365638766517
0 0.5345769230769231 0.2660132158590308 0.01023076923076923 0.018348017621145376
0 0.5339102564102564 0.2904845814977973 0.013346153846153846 0.029052863436123347
0 0.5176666666666666 0.2732819383259912 0.009346153846153846 0.017577092511013217
0 0.5147820512820512 0.28894273127753306 0.01067948717948718 0.018348017621145376
0 0.5198974358974359 0.30577092511013215 0.015576923076923077 0.029052863436123347
0 0.5172179487179487 0.343215859030837 0.021794871794871794 0.04740088105726872
0 0.49252564102564106 0.31951541850220266 0.017794871794871797 0.038215859030837004
0 0.4805128205128205 0.3577312775330396 0.022243589743589746 0.044339207048458146
0 0.4952051282051282 0.2881718061674009 0.009782051282051282 0.02140969162995595
0 0.5007564102564103 0.277863436123348 0.007564102564102565 0.014515418502202643
0 0.47673076923076924 0.29277533039647574 0.01023076923076923 0.01986784140969163
0 0.46226923076923077 0.2897136563876652 0.013346153846153846 0.016806167400881058
0 0.4409230769230769 0.2958149779735683 0.007115384615384615 0.015286343612334802
0 0.43246153846153845 0.30041850220264316 0.007115384615384615 0.01222466960352423
0 0.4222307692307692 0.30156387665198237 0.0062307692307692316 0.011475770925110132
0 0.4591666666666666 0.3084361233480176 0.012461538461538463 0.025220264317180614
0 0.4337948717948718 0.3409251101321586 0.02046153846153846 0.03975770925110132
0 0.39732051282051284 0.4513876651982379 0.03292307692307692 0.05885462555066079
0 0.3944230769230769 0.3994052863436124 0.030705128205128204 0.042048458149779734
0 0.41911538461538467 0.3367180616740088 0.008012820512820512 0.02828193832599119
0 0.41111538461538466 0.3317621145374449 0.012461538461538463 0.030572687224669604
0 0.42846153846153845 0.3137885462555066 0.008897435897435899 0.014515418502202643
0 0.4409230769230769 0.3137885462555066 0.011564102564102563 0.017577092511013217
0 0.41400000000000003 0.3092070484581498 0.007564102564102565 0.011475770925110132
0 0.4048846153846154 0.31226872246696036 0.008897435897435899 0.011475770925110132
0 0.39932051282051284 0.3210572687224669 0.006679487179487179 0.010704845814977975
0 0.3901923076923077 0.315704845814978 0.008012820512820512 0.009162995594713657
0 0.38530769230769235 0.321806167400881 0.008012820512820512 0.01222466960352423
0 0.393974358974359 0.3325110132158591 0.012012820512820512 0.024471365638766517
0 0.3821923076923077 0.33709251101321586 0.009782051282051282 0.02140969162995595
0 0.3732948717948718 0.3317621145374449 0.008012820512820512 0.018348017621145376
0 0.3632820512820513 0.33442731277533044 0.0057820512820512815 0.01605726872246696
0 0.37306410256410255 0.3577312775330396 0.015576923076923077 0.030572687224669604
0 0.3643974358974359 0.40169603524229075 0.022243589743589746 0.04511013215859031
0 0.35683333333333334 0.3420704845814978 0.009782051282051282 0.01911894273127753
0 0.35750000000000004 0.36883259911894273 0.01023076923076923 0.02828193832599119
0 0.34637179487179487 0.37226872246696036 0.012012820512820512 0.029052863436123347
0 0.3430384615384615 0.35125550660792954 0.009782051282051282 0.014515418502202643
0 0.3339102564102564 0.3684361233480176 0.011128205128205127 0.030572687224669604
0 0.331025641025641 0.34550660792951543 0.008012820512820512 0.018348017621145376
0 0.31834615384615383 0.3684361233480176 0.00844871794871795 0.02140969162995595
0 0.30766666666666664 0.3726431718061674 0.01023076923076923 0.020638766519823788
0 0.2978717948717949 0.36883259911894273 0.009346153846153846 0.026762114537444936
0 0.258051282051282 0.3906167400881057 0.012461538461538463 0.02140969162995595
0 0.2742948717948718 0.39176211453744497 0.012012820512820512 0.025220264317180614
0 0.2878717948717949 0.4009251101321586 0.011564102564102563 0.032863436123348015
0 0.3007692307692308 0.40590308370044054 0.013346153846153846 0.029052863436123347
0 0.3152307692307692 0.4074229074889868 0.015576923076923077 0.035154185022026434
0 0.3410384615384615 0.4104845814977974 0.020910256410256407 0.03975770925110132
0 0.26761538461538464 0.5549559471365638 0.04493589743589743 0.07185022026431717
0 0.26784615384615384 0.4918942731277533 0.032038461538461536 0.061916299559471366
0 0.2476025641025641 0.47775330396475774 0.018243589743589743 0.044339207048458146
0 0.24382051282051284 0.45482378854625555 0.02314102564102564 0.029052863436123347
0 0.2516025641025641 0.43341409691629956 0.014679487179487178 0.02140969162995595
0 0.23780769230769233 0.42806167400881057 0.017346153846153844 0.030572687224669604
0 0.22046153846153846 0.4162114537444934 0.009346153846153846 0.014515418502202643
0 0.22379487179487179 0.43381057268722467 0.009782051282051282 0.01605726872246696