0 0.7398571428571429 0.32556989247311824 0.012 0.028688172043010753
0 0.7557428571428572 0.3229247311827957 0.012700000000000001 0.029741935483870968
0 0.7687857142857143 0.3223870967741935 0.014814285714285714 0.028688172043010753
0 0.8270142857142857 0.35320430107526885 0.016928571428571428 0.043548387096774194
0 0.8467714285714286 0.3622365591397849 0.01975714285714286 0.05098924731182796
0 0.7314 0.3999354838709677 0.01764285714285714 0.03718279569892473
0 0.7144571428571429 0.3510752688172043 0.0134 0.028688172043010753
0 0.7306857142857143 0.35053763440860214 0.0134 0.02761290322580645
0 0.6855285714285715 0.3521290322580645 0.01764285714285714 0.03718279569892473
0 0.6135571428571429 0.3824086021505376 0.0134 0.031870967741935485
0 0.6329571428571429 0.3871827956989247 0.014114285714285715 0.0329247311827957
0 0.6749428571428571 0.3866666666666667 0.0134 0.031870967741935485
0 0.7529142857142856 0.392494623655914 0.02117142857142857 0.03931182795698925
0 0.7797285714285713 0.3999354838709677 0.015528571428571428 0.03931182795698925
0 0.8005428571428571 0.4084301075268817 0.03034285714285714 0.043548387096774194
0 0.7659714285714285 0.46367741935483875 0.020457142857142858 0.04780645161290323
0 0.8139571428571428 0.4626021505376344 0.03175714285714286 0.056301075268817204
0 0.8411142857142857 0.4838494623655914 0.02822857142857143 0.05204301075268817
0 0.5994428571428572 0.4079139784946237 0.012 0.021247311827956993
0 0.5860285714285715 0.418 0.01764285714285714 0.03505376344086022
0 0.6156714285714286 0.4164086021505376 0.01622857142857143 0.034
0 0.6509571428571429 0.4461505376344086 0.014814285714285714 0.03610752688172043
0 0.6689428571428572 0.4424301075268817 0.02117142857142857 0.045677419354838704
0 0.7052857142857143 0.44987096774193547 0.0247 0.03505376344086022
0 0.8503000000000001 0.5667096774193549 0.03951428571428572 0.07541935483870968
0 0.8114857142857143 0.5996344086021504 0.05785714285714286 0.09453763440860215
0 0.6887 0.6192903225806452 0.0381 0.08709677419354839
0 0.7405714285714285 0.6766451612903226 0.09244285714285713 0.1869462365591398
0 0.45054285714285713 0.4679139784946237 0.020457142857142858 0.03718279569892473
0 0.46890000000000004 0.4626021505376344 0.014814285714285714 0.02443010752688172
0 0.4749 0.47961290322580646 0.018342857142857143 0.028688172043010753
0 0.5126428571428572 0.524752688172043 0.020457142857142858 0.04036559139784946
0 0.5377 0.5481290322580645 0.022585714285714285 0.04036559139784946
0 0.5560428571428572 0.5433333333333333 0.015528571428571428 0.03505376344086022
0 0.5856857142857144 0.5847741935483871 0.025400000000000002 0.043548387096774194
0 0.5849714285714286 0.5550322580645161 0.025400000000000002 0.0223010752688172
0 0.49147142857142856 0.7047956989247313 0.03317142857142857 0.06905376344086021
0 0.5207571428571428 0.682494623655914 0.0367 0.056301075268817204
0 0.4551428571428572 0.6012258064516129 0.022585714285714285 0.042494623655913985
0 0.43255714285714286 0.5831827956989247 0.016928571428571428 0.03610752688172043
0 0.39727142857142855 0.5210322580645161 0.018342857142857143 0.0329247311827957
0 0.38951428571428576 0.49978494623655917 0.018342857142857143 0.02443010752688172
0 0.2025142857142857 0.601763440860215 0.016928571428571428 0.028688172043010753
0 0.25861428571428574 0.5529032258064517 0.0134 0.01806451612903226
0 0.21839999999999998 0.6060215053763441 0.020457142857142858 0.0329247311827957
0 0.19052857142857144 0.6309677419354838 0.018342857142857143 0.029741935483870968
0 0.17464285714285716 0.6559354838709677 0.019057142857142856 0.0329247311827957
0 0.16935714285714284 0.7207311827956989 0.025400000000000002 0.045677419354838704
0 0.15135714285714286 0.754731182795699 0.026114285714285715 0.04993548387096774
0 0.0748 0.8296129032258064 0.03387142857142857 0.044623655913978495
0 0.15065714285714285 0.831741935483871 0.04021428571428571 0.046731182795698926
0 0.1210142857142857 0.8758279569892473 0.05151428571428572 0.0796774193548387
0 0.06385714285714286 0.8715698924731182 0.048685714285714284 0.060537634408602145
0 0.03457142857142857 0.9172473118279569 0.0494 0.08604301075268816
0 0.22440000000000002 0.8211182795698925 0.05362857142857143 0.06797849462365592
0 0.25332857142857146 0.768 0.0367 0.05311827956989247
0 0.24415714285714285 0.6851612903225807 0.025400000000000002 0.03823655913978495
0 0.25861428571428574 0.5698924731182796 0.014814285714285714 0.02017204301075269
0 0.28437142857142855 0.5746881720430108 0.018342857142857143 0.023376344086021503
0 0.2625 0.5858279569892474 0.011285714285714286 0.0223010752688172
0 0.2748428571428571 0.5959139784946237 0.020457142857142858 0.031870967741935485
0 0.2547285714285714 0.6107956989247312 0.018342857142857143 0.034
0 0.3274142857142857 0.5359139784946236 0.016928571428571428 0.0329247311827957
0 0.32530000000000003 0.5693763440860214 0.015528571428571428 0.029741935483870968
0 0.33305714285714283 0.613978494623656 0.026814285714285714 0.042494623655913985
0 0.35247142857142855 0.6198279569892474 0.021871428571428573 0.045677419354838704
0 0.3274142857142857 0.7334838709677419 0.0381 0.045677419354838704
0 0.32035714285714284 0.7881935483870968 0.05221428571428571 0.07436559139784946
0 0.3866857142857143 0.7159569892473119 0.03387142857142857 0.059483870967741936
0 0.4195 0.7403870967741935 0.04021428571428571 0.08073118279569892
0 0.6174285714285714 0.5003225806451613 0.025400000000000002 0.04036559139784946
0 0.5913285714285714 0.48012903225806447 0.02117142857142857 0.03823655913978495
0 0.5472285714285714 0.460494623655914 0.019057142857142856 0.0329247311827957
0 0.5362857142857143 0.4429677419354838 0.015528571428571428 0.029741935483870968
0 0.5239428571428572 0.4429677419354838 0.012 0.023376344086021503