0 0.4008375 0.1067 0.0163625 0.03728
0 0.3088625 0.08685999999999999 0.019825 0.0357
0 0.225825 0.0702 0.0213125 0.03886
0 0.132125 0.04562 0.0242875 0.0357
0 0.0220625 0.071 0.0193375 0.03252
0 0.1514625 0.08646 0.01735 0.04284
0 0.1294 0.10312 0.0218125 0.04918
0 0.4417375 0.14834 0.014875000000000001 0.03332
0 0.4583375 0.17332 0.0242875 0.0341
0 0.39166249999999997 0.14834 0.01685 0.03648
0 0.36340000000000006 0.15428 0.0218125 0.03886
0 0.319525 0.16976 0.022312500000000002 0.04918
0 0.2521 0.13128 0.0302375 0.03728
0 0.2278125 0.15388 0.0233 0.046
0 0.202525 0.16658 0.0272625 0.05712
0 0.10485 0.17013999999999999 0.0282625 0.04838
0 0.1232 0.14714 0.0193375 0.045219999999999996
0 0.0071875 0.11144 0.014375 0.04362
0 0.0369375 0.19672 0.032225000000000004 0.06346
0 0.0109125 0.16538 0.020825 0.05632
0 0.072875 0.26692 0.0337125 0.0706
0 0.0875 0.3411 0.038175 0.0809
0 0.2421875 0.24036000000000002 0.0272625 0.05712
0 0.3111 0.29152 0.029249999999999998 0.061079999999999995
0 0.381 0.25384 0.031237499999999998 0.05552
0 0.3616625 0.1999 0.022312500000000002 0.039659999999999994
0 0.42338749999999997 0.19474 0.0188375 0.04204
0 0.27565 0.34506 0.0347 0.07456
0 0.1504625 0.44222 0.056025 0.10074
0 0.342325 0.43866000000000005 0.0461125 0.08726
0 0.5240250000000001 0.21298 0.020825 0.03886
0 0.4752 0.26018 0.0233 0.05236
0 0.5413875 0.29786 0.025775000000000003 0.05314
0 0.618725 0.32206 0.026775000000000004 0.053939999999999995
0 0.6992875 0.32086000000000003 0.031237499999999998 0.0579
0 0.45735 0.31094 0.0342125 0.046
0 0.46380000000000005 0.36092 0.039162499999999996 0.05236
0 0.5451 0.3645 0.0282625 0.0595
0 0.6638375000000001 0.39066 0.027762500000000002 0.05314
0 0.782325 0.3867 0.0307375 0.05632
0 0.5530375 0.25977999999999996 0.022312500000000002 0.04998
0 0.48188749999999997 0.22488 0.023799999999999998 0.0341
0 0.47411250000000005 0.43222000000000005 0.037925 0.08226
0 0.577775 0.46324 0.037925 0.07418000000000001
0 0.708 0.43088 0.032025 0.07418000000000001
0 0.7901874999999999 0.45448 0.0311875 0.06204
0 0.873625 0.44098000000000004 0.037925 0.06204
0 0.2162 0.5515599999999999 0.0480375 0.10787999999999999
0 0.23010000000000003 0.8759 0.0758625 0.17936000000000002
0 0.4425 0.84286 0.0708 0.14564
0 0.4758 0.5772 0.0581625 0.09440000000000001
0 0.670075 0.55764 0.0488875 0.08226
0 0.6650125 0.77476 0.0657375 0.12812
0 0.80915 0.78622 0.0606875 0.10787999999999999
0 0.9478 0.77746 0.06658750000000001 0.10923999999999999
0 0.80325 0.5549400000000001 0.0472 0.09306
0 0.8753125 0.53472 0.049725 0.09844
0 0.9579125000000001 0.53538 0.053099999999999994 0.08092