0 0.6471874999999999 0.5774375 0.15489583333333332 0.26359374999999996
0 0.8663958333333334 0.49796874999999996 0.0824375 0.14809375
0 0.7672083333333333 0.390625 0.06520833333333334 0.1100625
0 0.364125 0.47893749999999996 0.11775000000000001 0.2350625
0 0.13179166666666667 0.62840625 0.14583333333333334 0.2975625
0 0.15625 0.40421874999999996 0.080625 0.13178125000000002
0 0.364125 0.332875 0.07064583333333332 0.051625
0 0.4895833333333333 0.337625 0.0625 0.104625
0 0.5751875 0.3226875 0.06520833333333334 0.104625
0 0.6399375 0.31384375000000003 0.0570625 0.073375
0 0.7250833333333334 0.303 0.028083333333333335 0.06521875
0 0.9383958333333333 0.31928125 0.03985416666666666 0.073375
0 0.878625 0.318625 0.05435416666666667 0.09646875
0 0.8414791666666667 0.26903125 0.021729166666666667 0.03803125
0 0.8129583333333333 0.29484374999999996 0.029895833333333333 0.07609375
0 0.7798958333333333 0.31046874999999996 0.03804166666666667 0.03396875
0 0.7712916666666667 0.26156250000000003 0.03714583333333333 0.042125