0 0.23240833333333333 0.6861125 0.077775 0.1111125
0 0.36064999999999997 0.646525 0.07685 0.109725
0 0.5296333333333333 0.625 0.0537 0.0888875
0 0.5588 0.5645875 0.050925 0.08195000000000001
0 0.6504666666666666 0.5743 0.049075 0.0708375
0 0.6865749999999999 0.5729124999999999 0.0287 0.0791625
0 0.7300916666666667 0.5354125 0.04351666666666667 0.0625
0 0.8236083333333334 0.5208375000000001 0.03240833333333333 0.052774999999999996
0 0.9462999999999999 0.49097499999999994 0.025925 0.034725
0 0.9833333333333333 0.4923625 0.024075 0.040275
0 0.1463 0.5111125 0.072225 0.10554999999999999
0 0.27731666666666666 0.51945 0.07315 0.0861125
0 0.23472500000000002 0.41875 0.041666666666666664 0.0736125
0 0.18333333333333332 0.3576375 0.029633333333333334 0.0513875
0 0.11944166666666668 0.3576375 0.027774999999999998 0.05695
0 0.20786666666666667 0.3208375 0.030558333333333333 0.04445
0 0.375925 0.42847499999999994 0.03518333333333333 0.065275
0 0.41944166666666666 0.4951375 0.038891666666666665 0.054162499999999995
0 0.4828666666666667 0.51805 0.050925 0.0611125
0 0.5328666666666667 0.5083375 0.04351666666666667 0.052774999999999996
0 0.6222249999999999 0.503475 0.029633333333333334 0.0513875
0 0.6652750000000001 0.46805 0.03240833333333333 0.05
0 0.7324083333333333 0.4666625 0.029633333333333334 0.047225
0 0.6263916666666667 0.42847499999999994 0.025 0.0458375
0 0.575925 0.4201375 0.029633333333333334 0.04305
0 0.547225 0.3770875 0.02036666666666667 0.0458375
0 0.07923333333333334 0.301725 0.034225 0.049437499999999995
0 0.08620833333333333 0.242775 0.02704166666666667 0.036762500000000004
0 0.029583333333333333 0.19649999999999998 0.031275000000000004 0.051975
0 0.0767 0.186675 0.017325 0.036125
0 0.115575 0.19016249999999998 0.020708333333333336 0.030425
0 0.16395833333333334 0.2285125 0.021125 0.0348625
0 0.109875 0.16195 0.021125 0.024725
0 0.08831666666666667 0.13185 0.017750000000000002 0.0278875
0 0.019649999999999997 0.1191625 0.019858333333333332 0.0329625
0 0.04564166666666667 0.104275 0.013525 0.0272625
0 0.11620833333333333 0.113775 0.016058333333333334 0.031062500000000003
0 0.024725 0.044050000000000006 0.011408333333333333 0.0209125
0 0.037825 0.068775 0.009716666666666667 0.01965
0 0.06064166666666666 0.05515 0.012258333333333335 0.024087499999999998
0 0.07352500000000001 0.06846250000000001 0.010141666666666667 0.024087499999999998
0 0.09486666666666667 0.075425 0.0131 0.022825
0 0.10965833333333333 0.0633875 0.012258333333333335 0.0152125
0 0.14283333333333334 0.0798625 0.012675 0.022825
0 0.13205833333333333 0.07195 0.008025000000000001 0.0259875
0 0.16628333333333334 0.0694125 0.010566666666666667 0.0171125
0 0.18635833333333332 0.1058625 0.012675 0.01775
0 0.101 0.44530000000000003 0.06000833333333334 0.067825
0 0.346725 0.27699999999999997 0.019016666666666668 0.0380375
0 0.00915 0.096825 0.0106 0.020225
0 0.07095833333333333 0.1494 0.024583333333333332 0.033112499999999996
0 0.47588333333333327 0.3575 0.02655 0.0380625
0 0.39936666666666665 0.3171 0.018741666666666667 0.0322125
0 0.44095 0.3153375 0.019908333333333333 0.0322125
0 0.47100833333333336 0.3252875 0.017566666666666664 0.0298625
0 0.535225 0.32177500000000003 0.015616666666666666 0.0310375
0 0.5094583333333333 0.305975 0.018741666666666667 0.025175
0 0.45519166666666666 0.28635 0.018741666666666667 0.029275000000000002
0 0.4023 0.289275 0.017566666666666664 0.029275000000000002
0 0.41225 0.2602875 0.01405 0.0298625
0 0.3864833333333333 0.2559 0.014833333333333334 0.030449999999999998
0 0.34393333333333337 0.24506250000000002 0.017175 0.027525
0 0.31016666666666665 0.252675 0.018349999999999998 0.028687499999999998
0 0.31250833333333333 0.21988749999999999 0.016008333333333333 0.025175
0 0.44095 0.259125 0.016008333333333333 0.028687499999999998
0 0.41986666666666667 0.23775 0.010541666666666666 0.0257625
0 0.387075 0.230725 0.012883333333333333 0.022250000000000002
0 0.6363333333333333 0.3455 0.017958333333333333 0.031625
0 0.584025 0.3103625 0.014833333333333334 0.0257625
0 0.5568916666666667 0.299525 0.014441666666666665 0.027525
0 0.5403 0.2989375 0.014833333333333334 0.025175
0 0.49228333333333335 0.2749375 0.01405 0.0228375
0 0.48584166666666667 0.252975 0.014441666666666665 0.022250000000000002
0 0.45597499999999996 0.240675 0.014833333333333334 0.029275000000000002
0 0.4753 0.2321875 0.0121 0.020499999999999997
0 0.5096583333333333 0.25415 0.012883333333333333 0.023424999999999998
0 0.5365916666666667 0.2594125 0.013666666666666666 0.0175625
0 0.557475 0.2766875 0.017175 0.020499999999999997
0 0.56255 0.2655625 0.012491666666666667 0.0158125
0 0.8631583333333332 0.470225 0.01951666666666667 0.031625
0 0.8899000000000001 0.45909999999999995 0.017566666666666664 0.0281125
0 0.9082416666666667 0.46027500000000005 0.016008333333333333 0.0269375
0 0.9433833333333332 0.4552875 0.017566666666666664 0.028687499999999998
0 0.9722666666666667 0.45295 0.019125 0.035725
0 0.9867166666666666 0.423675 0.016783333333333334 0.024012500000000003
0 0.9629 0.42747500000000005 0.016008333333333333 0.022250000000000002
0 0.9478666666666667 0.42542499999999994 0.017958333333333333 0.0298625
0 0.9176166666666667 0.42747500000000005 0.019125 0.0246
0 0.8850166666666667 0.43245 0.017958333333333333 0.024012500000000003
0 0.8694 0.4362625 0.015616666666666666 0.0246
0 0.8528083333333334 0.429825 0.015224999999999999 0.029275000000000002
0 0.8208000000000001 0.4292375 0.019125 0.0339625
0 0.8030333333333334 0.431575 0.017175 0.029275000000000002
0 0.7677 0.4248375 0.023033333333333333 0.033375
0 0.795225 0.38941249999999994 0.013275 0.022250000000000002
0 0.8178666666666667 0.3885375 0.013275 0.028687499999999998
0 0.833875 0.3923375 0.012491666666666667 0.0246
0 0.7191 0.3818 0.0164 0.0281125
0 0.7800833333333334 0.36083750000000003 0.013766666666666667 0.020649999999999998
0 0.7399 0.358325 0.016741666666666665 0.025675
0 0.7307833333333333 0.37925 0.010416666666666666 0.026237499999999997
0 0.6891083333333333 0.34854999999999997 0.014883333333333333 0.028462499999999998
0 0.7627833333333334 0.331525 0.014141666666666665 0.024562499999999998
0 0.7456666666666666 0.3265125 0.011166666666666667 0.0234375
0 0.7144083333333333 0.33265 0.01265 0.022324999999999998
0 0.700825 0.32762500000000006 0.011533333333333333 0.022324999999999998
0 0.696175 0.305575 0.008933333333333333 0.020649999999999998
0 0.7090166666666667 0.3030625 0.012275000000000001 0.0234375
0 0.6762666666666667 0.30362500000000003 0.013766666666666667 0.0212125
0 0.6625 0.2977625 0.01005 0.0217625
0 0.6736666666666666 0.2818625 0.011533333333333333 0.018975
0 0.9167 0.09776249999999999 0.014141666666666665 0.022475000000000002
0 0.7980833333333334 0.132325 0.016116666666666668 0.02205
0 0.7798416666666667 0.14272500000000002 0.013574999999999999 0.0190875
0 0.755525 0.1499375 0.013574999999999999 0.0106
0 0.7292333333333334 0.154175 0.012441666666666667 0.0199375
0 0.7087333333333333 0.1618125 0.014416666666666668 0.0182375
0 0.685825 0.16435 0.013858333333333332 0.0199375
0 0.6569833333333334 0.174325 0.013291666666666667 0.0178125
0 0.6393166666666666 0.314075 0.018658333333333332 0.024175
0 0.6210749999999999 0.319375 0.01555 0.02545
0 0.60595 0.2911625 0.011875 0.027575
0 0.6254583333333333 0.2744125 0.012441666666666667 0.0212125
0 0.6561333333333333 0.26211249999999997 0.013291666666666667 0.0212125
0 0.6388916666666666 0.26211249999999997 0.012725 0.0178125
0 0.615275 0.25553750000000003 0.009616666666666666 0.0182375
0 0.5961916666666667 0.2523625 0.010458333333333333 0.0178125
0 0.6100666666666666 0.2398375 0.0074333333333333335 0.015337499999999999
0 0.6002 0.2355875 0.007050000000000001 0.0171125
0 0.592475 0.235075 0.009058333333333333 0.0171125
0 0.5904666666666666 0.219225 0.007716666666666667 0.015600000000000001
0 0.5661333333333334 0.2328125 0.009399999999999999 0.0176125
0 0.5698249999999999 0.2104125 0.010066666666666666 0.0211375
0 0.5715083333333333 0.19305 0.00805 0.0166125
0 0.5530499999999999 0.20864999999999997 0.012083333333333333 0.02165
0 0.5513666666666667 0.1885125 0.008725 0.0166125
0 0.5293916666666667 0.1766875 0.007716666666666667 0.0151
0 0.526875 0.160825 0.010066666666666666 0.0176125
0 0.521 0.2214875 0.009733333333333333 0.0211375
0 0.526875 0.23885 0.010066666666666666 0.02165
0 0.5016999999999999 0.2323125 0.012750000000000001 0.019637500000000002
0 0.26269166666666666 0.18341249999999998 0.01795 0.0305125
0 0.30338333333333334 0.1896875 0.013958333333333333 0.0251375
0 0.34447500000000003 0.19986249999999997 0.015558333333333335 0.02035
0 0.26209166666666667 0.1624625 0.014358333333333334 0.01975
0 0.27905 0.16785 0.014758333333333333 0.0209375
0 0.24255000000000002 0.140925 0.013566666666666668 0.0245375
0 0.24214999999999998 0.1092 0.011966666666666665 0.0209375
0 0.27166666666666667 0.1086125 0.012766666666666667 0.0245375
0 0.2439416666666667 0.0882625 0.011566666666666668 0.01855
0 0.2210083333333333 0.08317500000000001 0.009575 0.0155625
0 0.22459166666666666 0.0993375 0.011966666666666665 0.02035
0 0.19746666666666668 0.09125 0.010374999999999999 0.01735
0 0.2752583333333333 0.1513875 0.012766666666666667 0.01795
0 0.32372500000000004 0.159175 0.013166666666666667 0.0227375
0 0.19806666666666667 0.07629999999999999 0.010775 0.011375
0 0.34686666666666666 0.178625 0.015558333333333335 0.0221375
0 0.362025 0.1699375 0.013166666666666667 0.02035
0 0.380575 0.1852 0.009575 0.0221375
0 0.3977333333333333 0.2178125 0.011166666666666667 0.01915
0 0.4114916666666667 0.1852 0.013958333333333333 0.01855
0 0.45357499999999995 0.2013625 0.010374999999999999 0.0209375
0 0.474125 0.20525 0.009975000000000001 0.01675
0 0.4958666666666666 0.2073375 0.013566666666666668 0.0209375
0 0.49087499999999995 0.1899875 0.011566666666666668 0.01735
0 0.45198333333333335 0.184 0.010374999999999999 0.0137625
0 0.4713333333333333 0.1920875 0.012366666666666666 0.010775
0 0.42645 0.1831125 0.013566666666666668 0.01795
0 0.3602333333333333 0.13045 0.009575 0.01795
0 0.35484166666666667 0.1080125 0.011566666666666668 0.0221375
0 0.37599166666666667 0.12057499999999999 0.007583333333333333 0.01735
0 0.39374166666666666 0.1505 0.009575 0.0161625
0 0.39414166666666667 0.1358375 0.010374999999999999 0.0143625
0 0.4077 0.1343375 0.006383333333333334 0.0149625
0 0.4154833333333333 0.138225 0.008375 0.0155625
0 0.4394166666666666 0.1472 0.010775 0.0143625
0 0.43423333333333336 0.1361375 0.008375 0.010175
0 0.4613583333333333 0.1531875 0.009975000000000001 0.011962500000000001
0 0.4888833333333333 0.174425 0.009975000000000001 0.0137625
0 0.48649166666666666 0.159775 0.009174999999999999 0.01675
0 0.4795083333333333 0.1510875 0.006383333333333334 0.008975
0 0.4952666666666667 0.1537875 0.009174999999999999 0.0143625
0 0.510425 0.158275 0.010775 0.0149625
0 0.49666666666666665 0.16785 0.007183333333333332 0.0125625
0 0.510225 0.17143750000000002 0.010374999999999999 0.0125625
0 0.511625 0.1831125 0.012366666666666666 0.011962500000000001
0 0.46834166666666666 0.1705375 0.008775 0.01675
0 0.4390166666666667 0.16605 0.010775 0.0149625
0 0.4134583333333333 0.16242499999999999 0.0125 0.011725000000000001