0 0.6632734375 0.561219226260258 0.0431171875 0.07674091441969519
0 0.6279296875 0.5800234466588511 0.0195546875 0.03610785463071512
0 0.606125 0.5721336459554514 0.017046875 0.030844079718640092
0 0.507859375 0.5830363423212193 0.026070312499999998 0.05266119577960141
0 0.4915625 0.5315005861664713 0.0235625 0.04288393903868699
0 0.47878125000000005 0.6037280187573271 0.037101562500000004 0.05492379835873388
0 0.42012499999999997 0.6266705744431418 0.0391015625 0.06018757327080891
0 0.4356640625 0.5371512309495897 0.0270703125 0.045134818288393906
0 0.462234375 0.4863657678780774 0.0230625 0.03685814771395076
0 0.5843125 0.5886752637749121 0.0225625 0.04889800703399766
0 0.4233828125 0.48449003516998823 0.0235625 0.04213364595545135
0 0.39054687499999996 0.4935169988276671 0.025070312500000004 0.04062133645955451
0 0.373 0.5322508792497069 0.0310859375 0.05492379835873388
0 0.32637499999999997 0.5382766705744431 0.0320859375 0.06695193434935522
0 0.27999999999999997 0.6680422039859321 0.0436171875 0.06770222743259086
0 0.1774765625 0.5401524032825322 0.038101562500000005 0.06318874560375147
0 0.12157812500000001 0.5397772567409145 0.0386015625 0.08350527549824151
0 0.10553125000000001 0.4773388042203986 0.0386015625 0.04137162954279015
0 0.0431171875 0.48372801875732707 0.03509375 0.05567409144196952
0 0.0248125 0.3460609613130129 0.0195546875 0.04062133645955451
0 0.0155390625 0.3050644783118406 0.018046875 0.029343493552168816
0 0.05965625 0.26029308323563893 0.0140390625 0.025580304806565066
0 0.0925 0.2945252051582649 0.013539062499999999 0.026330597889800706
0 0.2022890625 0.34117233294255567 0.017546875 0.03535756154747948
0 0.252171875 0.38066822977725673 0.0220625 0.031594372801875735
0 0.297546875 0.39308323563892145 0.0195546875 0.030844079718640092
0 0.3504375 0.425052754982415 0.0200546875 0.030093786635404456
0 0.36196875 0.4600351699882767 0.017046875 0.03535756154747948
0 0.33915625 0.45627198124267293 0.018546874999999997 0.03385697538100821
0 0.309328125 0.4265533411488863 0.018046875 0.031594372801875735
0 0.3248671875 0.4908792497069168 0.028078125 0.03385697538100821
0 0.3050625 0.47658851113716294 0.0145390625 0.032344665885111375
0 0.261953125 0.4826025791324737 0.0275703125 0.044384525205158266
0 0.2123203125 0.452883939038687 0.0205546875 0.03762016412661196
0 0.251421875 0.4434818288393904 0.0215546875 0.03385697538100821
0 0.170453125 0.45100820633059785 0.028078125 0.038370457209847594
0 0.16995312499999998 0.40286049237983584 0.0210546875 0.039871043376318874
0 0.12834375 0.40624853458382176 0.030078125 0.04213364595545135
0 0.1075390625 0.37577960140679956 0.0145390625 0.03685814771395076
0 0.0975078125 0.35508792497069164 0.0195546875 0.025580304806565066
0 0.15165625 0.3791676436107855 0.0155390625 0.030093786635404456
0 0.1641875 0.35847596717467756 0.0155390625 0.029343493552168816
0 0.22033593749999997 0.40587338804220396 0.0215546875 0.032344665885111375
0 0.2065546875 0.3881946072684642 0.0140390625 0.025580304806565066
0 0.2664609375 0.42053927315357564 0.025570312499999998 0.03762016412661196