0 0.9601090909090908 0.12135922330097088 0.043436363636363634 0.06473300970873787
0 0.2217090909090909 0.6492718446601942 0.11414545454545455 0.23597087378640777
0 0.5282909090909091 0.5184708737864078 0.10505454545454546 0.15237864077669902
0 0.6388909090909091 0.5744417475728155 0.1202 0.21844660194174756
0 0.831309090909091 0.5097087378640777 0.09090909090909091 0.15640776699029127
0 0.9242363636363636 0.6162378640776699 0.11514545454545454 0.21305825242718446
0 0.7333272727272727 0.38160194174757284 0.06667272727272727 0.11597087378640777
0 0.8111090909090909 0.3337378640776699 0.06667272727272727 0.10383495145631068
0 0.9065636363636363 0.2292233009708738 0.0596 0.08900485436893205
0 0.9722181818181819 0.2669902912621359 0.055563636363636364 0.06742718446601942
0 0.9737454545454545 0.33980582524271846 0.05252727272727273 0.11597087378640777
0 0.7984909090909091 0.25014563106796117 0.06363636363636363 0.08225728155339807
0 0.7631272727272728 0.2386650485436893 0.03534545454545455 0.07550970873786407
0 0.15454545454545454 0.46859223300970876 0.08889090909090909 0.16315533980582525
0 0.039890909090909095 0.38228155339805825 0.0798 0.13888349514563106
0 0.00909090909090909 0.20563106796116504 0.01818181818181818 0.10383495145631068
0 0.05858181818181818 0.18135922330097087 0.04443636363636364 0.09033980582524272
0 0.17323636363636363 0.27305825242718446 0.0717090909090909 0.10922330097087378
0 0.2752545454545454 0.3802669902912621 0.08787272727272727 0.14024271844660194
0 0.38585454545454545 0.3081067961165048 0.060599999999999994 0.1146116504854369
0 0.4520181818181818 0.3445145631067961 0.06767272727272727 0.13349514563106796
0 0.6196909090909091 0.3108252427184466 0.06161818181818182 0.10922330097087378
0 0.5934363636363637 0.2541747572815534 0.06363636363636363 0.10922330097087378
0 0.7217090909090909 0.16720873786407767 0.04141818181818182 0.06473300970873787
0 0.7060545454545454 0.13618932038834952 0.03434545454545455 0.04315533980582525
0 0.6429272727272728 0.1024757281553398 0.02929090909090909 0.04854368932038835
0 0.5747454545454546 0.10315533980582524 0.024236363636363636 0.05259708737864078
0 0.4833272727272727 0.09303398058252427 0.03738181818181818 0.0458495145631068
0 0.17829090909090908 0.06538834951456311 0.033327272727272726 0.04179611650485437
0 0.1409090909090909 0.06269417475728155 0.03534545454545455 0.04990291262135922
0 0.060599999999999994 0.12405339805825243 0.04647272727272727 0.03504854368932039
0 0.08383636363636364 0.10990291262135922 0.038381818181818184 0.06337378640776699
0 0.09090909090909091 0.06742718446601942 0.03434545454545455 0.03776699029126214
0 0.11514545454545454 0.11529126213592233 0.026254545454545454 0.05529126213592233
0 0.11616363636363636 0.07080097087378641 0.024236363636363636 0.04449029126213592
0 0.22727272727272727 0.09237864077669904 0.03232727272727273 0.047184466019417476
0 0.20758181818181817 0.11393203883495145 0.03738181818181818 0.04990291262135922
0 0.2 0.17597087378640777 0.05252727272727273 0.06606796116504854
0 0.18534545454545454 0.2137378640776699 0.0798 0.03910194174757282
0 0.23383636363636365 0.1537135922330097 0.043436363636363634 0.07820388349514563
0 0.2596 0.12810679611650486 0.03232727272727273 0.06473300970873787
0 0.35050909090909094 0.10854368932038835 0.04443636363636364 0.05798543689320389
0 0.40303636363636364 0.09371359223300971 0.04647272727272727 0.05259708737864078
0 0.4338363636363637 0.12473300970873787 0.031309090909090904 0.05259708737864078
0 0.40101818181818183 0.15640776699029127 0.038381818181818184 0.07550970873786407
0 0.3792909090909091 0.23194174757281555 0.06565454545454545 0.06473300970873787
0 0.4202 0.2595631067961165 0.05454545454545454 0.06876213592233009
0 0.5378727272727273 0.1887864077669903 0.055563636363636364 0.07281553398058252
0 0.5919272727272727 0.18473300970873785 0.05252727272727273 0.04046116504854369
0 0.6171636363636364 0.15507281553398058 0.038381818181818184 0.06203883495145631
0 0.5969636363636364 0.12674757281553398 0.01818181818181818 0.059320388349514565
0 0.4590909090909091 0.15912621359223303 0.043436363636363634 0.06473300970873787
0 0.48787272727272724 0.13012135922330098 0.03232727272727273 0.05529126213592233